114.4 6.41e-18
114.433 4.28e-18
114.467 3.37e-18
114.5 2.93e-18
114.533 2.44e-18
114.567 2.08e-18
114.6 1.88e-18
114.633 1.76e-18
114.667 1.65e-18
114.7 1.55e-18
114.733 1.51e-18
114.767 1.56e-18
114.8 1.75e-18
114.833 2.02e-18
114.867 2.4e-18
114.9 2.53e-18
114.933 2.45e-18
114.967 2.2e-18
115.0 1.98e-18
115.033 1.75e-18
115.067 1.55e-18
115.1 1.35e-18
115.133 1.2e-18
115.167 1.03e-18
115.2 8.58e-19
115.233 7.24e-19
115.267 6.25e-19
115.3 5.49e-19
115.333 4.86e-19
115.367 4.08e-19
115.4 3.4e-19
115.433 3.03e-19
115.467 3.01e-19
115.5 3.65e-19
115.533 5.08e-19
115.567 8.44e-19
115.6 1.4e-18
115.633 2.21e-18
115.667 3.07e-18
115.7 3.69e-18
115.733 3.02e-18
115.767 2.26e-18
115.8 1.58e-18
115.833 1.18e-18
115.867 9.03e-19
115.9 7.1e-19
115.933 5.86e-19
115.967 4.91e-19
116.0 4.19e-19
116.033 3.57e-19
116.067 2.97e-19
116.1 2.55e-19
116.133 2.17e-19
116.167 1.87e-19
116.2 1.59e-19
116.233 1.42e-19
116.267 1.27e-19
116.3 1.19e-19
116.333 1.2e-19
116.367 1.29e-19
116.4 1.43e-19
116.433 1.84e-19
116.467 2.59e-19
116.5 3.68e-19
116.533 4.58e-19
116.567 4.35e-19
116.6 3.24e-19
116.633 2.41e-19
116.667 1.9e-19
116.7 1.54e-19
116.733 1.45e-19
116.767 1.38e-19
116.8 1.36e-19
116.833 1.44e-19
116.867 1.41e-19
116.9 1.37e-19
116.933 1.14e-19
116.967 9.36e-20
117.0 7.96e-20
117.033 7.04e-20
117.067 5.97e-20
117.1 5.52e-20
117.133 5.23e-20
117.167 5.62e-20
117.2 6.53e-20
117.233 8.19e-20
117.267 1.05e-19
117.3 1.24e-19
117.333 1.35e-19
117.367 1.59e-19
117.4 2.04e-19
117.433 2.94e-19
117.467 4.47e-19
117.5 5.05e-19
117.533 3.69e-19
117.567 2.33e-19
117.6 1.4e-19
117.633 8.43e-20
117.667 5.59e-20
117.7 4.34e-20
117.733 3.94e-20
117.767 3.0e-20
117.8 3.01e-20
117.833 2.78e-20
117.867 2.74e-20
117.9 2.28e-20
117.933 2.26e-20
117.967 2.12e-20
118.0 2.06e-20
118.033 1.75e-20
118.067 1.57e-20
118.1 1.75e-20
118.133 1.89e-20
118.167 2.09e-20
118.2 2.33e-20
118.233 2.24e-20
118.267 2.65e-20
118.3 3.16e-20
118.333 3.96e-20
118.367 4.19e-20
118.4 4.44e-20
118.433 3.62e-20
118.467 2.6e-20
118.5 2.13e-20
118.533 1.89e-20
118.567 1.8e-20
118.6 1.76e-20
118.633 1.21e-20
118.667 1.48e-20
118.7 1.52e-20
118.733 1.36e-20
118.767 1.19e-20
118.8 1.0e-20
118.833 9.24e-21
118.867 7.68e-21
118.9 8.14e-21
118.933 1.11e-20
118.967 1.11e-20
119.0 1.14e-20
119.033 1.05e-20
119.067 1.4e-20
119.1 1.58e-20
119.133 1.75e-20
119.167 1.82e-20
119.2 1.88e-20
119.233 1.93e-20
119.267 2.01e-20
119.3 2.12e-20
119.333 2.0e-20
119.367 2.08e-20
119.4 2.04e-20
119.433 1.68e-20
119.467 1.6e-20
119.5 1.27e-20
119.533 1.26e-20
119.567 1.37e-20
119.6 1.23e-20
119.633 1.4e-20
119.667 1.28e-20
119.7 1.68e-20
119.733 1.61e-20
119.767 1.73e-20
119.8 1.77e-20
119.833 2.16e-20
119.867 2.27e-20
119.9 2.33e-20
119.933 2.26e-20
119.967 2.41e-20
120.0 2.54e-20
120.033 2.93e-20
120.067 2.89e-20
120.1 2.87e-20
120.133 2.69e-20
120.167 2.62e-20
120.2 2.67e-20
120.233 2.32e-20
120.267 2.38e-20
120.3 2.2e-20
120.333 2.31e-20
120.367 2.45e-20
120.4 2.55e-20
120.433 2.7e-20
120.467 2.83e-20
120.5 2.79e-20
120.533 2.93e-20
120.567 2.95e-20
120.6 2.96e-20
120.633 3.39e-20
120.667 3.37e-20
120.7 3.26e-20
120.733 3.54e-20
120.767 4.04e-20
120.8 3.99e-20
120.833 4.01e-20
120.867 4.37e-20
120.9 3.92e-20
120.933 4.18e-20
120.967 4.08e-20
121.0 3.99e-20
121.033 3.83e-20
121.067 3.73e-20
121.1 3.76e-20
121.133 3.71e-20
121.167 3.64e-20
121.2 4.11e-20
121.233 3.93e-20
121.267 3.66e-20
121.3 3.26e-20
121.333 3.57e-20
121.367 3.4e-20
121.4 3.74e-20
121.433 4.03e-20
121.467 4.39e-20
121.5 4.8e-20
121.533 5.05e-20
121.567 5.52e-20
121.6 5.78e-20
121.633 5.72e-20
121.667 5.7e-20
121.7 5.61e-20
121.733 5.61e-20
121.767 5.29e-20
121.8 5.23e-20
121.833 5.47e-20
121.867 5.43e-20
121.9 5.67e-20
121.933 5.8e-20
121.967 5.68e-20
122.0 5.9e-20
122.033 5.92e-20
122.067 5.62e-20
122.1 5.54e-20
122.133 5.43e-20
122.167 5.33e-20
122.2 5.31e-20
122.233 5.57e-20
122.267 5.99e-20
122.3 6.27e-20
122.333 6.46e-20
122.367 7.12e-20
122.4 7.79e-20
122.433 8.45e-20
122.467 8.82e-20
122.5 8.89e-20
122.533 8.87e-20
122.567 8.03e-20
122.6 7.7e-20
122.633 7.58e-20
122.667 7.17e-20
122.7 6.98e-20
122.733 7.15e-20
122.767 7.31e-20
122.8 7.58e-20
122.833 7.84e-20
122.867 7.9e-20
122.9 7.79e-20
122.933 8.46e-20
122.967 8.66e-20
123.0 8.83e-20
123.033 8.38e-20
123.067 8.35e-20
123.1 8.42e-20
123.133 8.6e-20
123.167 8.98e-20
123.2 9.76e-20
123.233 1.05e-19
123.267 1.1e-19
123.3 1.15e-19
123.333 1.14e-19
123.367 1.12e-19
123.4 1.09e-19
123.433 1.09e-19
123.467 1.08e-19
123.5 1.07e-19
123.533 1.05e-19
123.567 1.01e-19
123.6 1.01e-19
123.633 9.95e-20
123.667 9.98e-20
123.7 1.03e-19
123.733 1.07e-19
123.767 1.13e-19
123.8 1.18e-19
123.833 1.25e-19
123.867 1.31e-19
123.9 1.34e-19
123.933 1.34e-19
123.967 1.29e-19
124.0 1.25e-19
124.033 1.22e-19
124.067 1.23e-19
124.1 1.25e-19
124.133 1.33e-19
124.167 1.44e-19
124.2 1.56e-19
124.233 1.63e-19
124.267 1.62e-19
124.3 1.62e-19
124.333 1.6e-19
124.367 1.61e-19
124.4 1.58e-19
124.433 1.52e-19
124.467 1.43e-19
124.5 1.36e-19
124.533 1.25e-19
124.567 1.2e-19
124.6 1.24e-19
124.633 1.28e-19
124.667 1.33e-19
124.7 1.4e-19
124.733 1.47e-19
124.767 1.56e-19
124.8 1.7e-19
124.833 1.88e-19
124.867 2.15e-19
124.9 2.27e-19
124.933 2.23e-19
124.967 2.1e-19
125.0 1.96e-19
125.033 1.91e-19
125.067 1.91e-19
125.1 1.97e-19
125.133 2.05e-19
125.167 2.1e-19
125.2 2.16e-19
125.233 2.2e-19
125.267 2.22e-19
125.3 2.2e-19
125.333 2.14e-19
125.367 2.05e-19
125.4 1.91e-19
125.433 1.78e-19
125.467 1.62e-19
125.5 1.56e-19
125.533 1.54e-19
125.567 1.53e-19
125.6 1.55e-19
125.633 1.58e-19
125.667 1.61e-19
125.7 1.69e-19
125.733 1.8e-19
125.767 1.95e-19
125.8 2.15e-19
125.833 2.44e-19
125.867 2.72e-19
125.9 2.92e-19
125.933 3.1e-19
125.967 3.15e-19
126.0 3.16e-19
126.033 3.18e-19
126.067 3.17e-19
126.1 3.1e-19
126.133 3.1e-19
126.167 3.13e-19
126.2 3.22e-19
126.233 3.27e-19
126.267 3.22e-19
126.3 3.12e-19
126.333 3.01e-19
126.367 2.83e-19
126.4 2.6e-19
126.433 2.39e-19
126.467 2.21e-19
126.5 2.08e-19
126.533 1.91e-19
126.567 1.84e-19
126.6 1.82e-19
126.633 1.82e-19
126.667 1.89e-19
126.7 1.96e-19
126.733 2.1e-19
126.767 2.33e-19
126.8 2.56e-19
126.833 2.89e-19
126.867 3.48e-19
126.9 4.1e-19
126.933 4.37e-19
126.967 4.28e-19
127.0 4.1e-19
127.033 3.96e-19
127.067 3.92e-19
127.1 4.01e-19
127.133 4.29e-19
127.167 4.5e-19
127.2 4.75e-19
127.233 4.95e-19
127.267 4.93e-19
127.3 4.74e-19
127.333 4.27e-19
127.367 3.9e-19
127.4 3.49e-19
127.433 3.18e-19
127.467 2.95e-19
127.5 2.75e-19
127.533 2.57e-19
127.567 2.42e-19
127.6 2.37e-19
127.633 2.36e-19
127.667 2.36e-19
127.7 2.46e-19
127.733 2.62e-19
127.767 2.84e-19
127.8 3.1e-19
127.833 3.44e-19
127.867 3.78e-19
127.9 4.41e-19
127.933 5.13e-19
127.967 6.06e-19
128.0 6.46e-19
128.033 6.31e-19
128.067 5.87e-19
128.1 5.42e-19
128.133 5.21e-19
128.167 5.07e-19
128.2 5.06e-19
128.233 5.29e-19
128.267 5.52e-19
128.3 5.72e-19
128.333 5.73e-19
128.367 5.52e-19
128.4 5.13e-19
128.433 4.76e-19
128.467 4.43e-19
128.5 4.04e-19
128.533 3.75e-19
128.567 3.54e-19
128.6 3.34e-19
128.633 3.17e-19
128.667 3.07e-19
128.7 3.01e-19
128.733 2.99e-19
128.767 3.04e-19
128.8 3.18e-19
128.833 3.33e-19
128.867 3.53e-19
128.9 3.96e-19
128.933 4.67e-19
128.967 5.56e-19
129.0 6.59e-19
129.033 8.1e-19
129.067 8.84e-19
129.1 9.29e-19
129.133 8.78e-19
129.167 8.09e-19
129.2 7.53e-19
129.233 6.91e-19
129.267 6.67e-19
129.3 6.53e-19
129.333 6.43e-19
129.367 6.31e-19
129.4 6.15e-19
129.433 6.0e-19
129.467 5.8e-19
129.5 5.54e-19
129.533 5.16e-19
129.567 4.84e-19
129.6 4.52e-19
129.633 4.25e-19
129.667 3.99e-19
129.7 3.78e-19
129.733 3.66e-19
129.767 3.56e-19
129.8 3.52e-19
129.833 3.55e-19
129.867 3.59e-19
129.9 3.75e-19
129.933 3.93e-19
129.967 4.2e-19
130.0 4.77e-19
130.033 5.48e-19
130.067 6.73e-19
130.1 8.27e-19
130.133 1.03e-18
130.167 1.13e-18
130.2 1.17e-18
130.233 1.16e-18
130.267 1.09e-18
130.3 9.79e-19
130.333 9.07e-19
130.367 8.15e-19
130.4 7.83e-19
130.433 7.53e-19
130.467 7.33e-19
130.5 7.11e-19
130.533 6.83e-19
130.567 6.54e-19
130.6 6.29e-19
130.633 6.05e-19
130.667 5.69e-19
130.7 5.31e-19
130.733 5.01e-19
130.767 4.72e-19
130.8 4.46e-19
130.833 4.35e-19
130.867 4.21e-19
130.9 4.17e-19
130.933 4.15e-19
130.967 4.2e-19
131.0 4.36e-19
131.033 4.55e-19
131.067 4.77e-19
131.1 5.12e-19
131.133 5.65e-19
131.167 6.59e-19
131.2 8.07e-19
131.233 9.63e-19
131.267 1.16e-18
131.3 1.23e-18
131.333 1.2e-18
131.367 1.12e-18
131.4 1.03e-18
131.433 9.71e-19
131.467 9.28e-19
131.5 9.15e-19
131.533 9.09e-19
131.567 9.09e-19
131.6 9.05e-19
131.633 8.84e-19
131.667 8.45e-19
131.7 8.03e-19
131.733 7.54e-19
131.767 7.24e-19
131.8 6.95e-19
131.833 6.63e-19
131.867 6.23e-19
131.9 5.84e-19
131.933 5.36e-19
131.967 5.05e-19
132.0 4.77e-19
132.033 4.62e-19
132.067 4.61e-19
132.1 4.66e-19
132.133 4.77e-19
132.167 5.05e-19
132.2 5.46e-19
132.233 6.1e-19
132.267 6.9e-19
132.3 7.8e-19
132.333 8.84e-19
132.367 9.97e-19
132.4 1.09e-18
132.433 1.13e-18
132.467 1.11e-18
132.5 1.05e-18
132.533 9.62e-19
132.567 9.11e-19
132.6 8.86e-19
132.633 8.93e-19
132.667 9.06e-19
132.7 9.17e-19
132.733 9.17e-19
132.767 9.03e-19
132.8 8.59e-19
132.833 8.3e-19
132.867 8.15e-19
132.9 7.94e-19
132.933 7.59e-19
132.967 6.97e-19
133.0 6.44e-19
133.033 6.01e-19
133.067 5.7e-19
133.1 5.52e-19
133.133 5.38e-19
133.167 5.33e-19
133.2 5.38e-19
133.233 5.48e-19
133.267 5.63e-19
133.3 5.92e-19
133.333 6.47e-19
133.367 7.32e-19
133.4 8.39e-19
133.433 9.39e-19
133.467 1.04e-18
133.5 1.08e-18
133.533 1.07e-18
133.567 1.04e-18
133.6 10.0e-19
133.633 9.46e-19
133.667 8.9e-19
133.7 8.59e-19
133.733 8.3e-19
133.767 7.99e-19
133.8 7.73e-19
133.833 7.63e-19
133.867 7.79e-19
133.9 8.15e-19
133.933 8.42e-19
133.967 8.47e-19
134.0 8.07e-19
134.033 7.64e-19
134.067 7.06e-19
134.1 6.65e-19
134.133 6.06e-19
134.167 5.77e-19
134.2 5.49e-19
134.233 5.4e-19
134.267 5.34e-19
134.3 5.31e-19
134.333 5.24e-19
134.367 5.25e-19
134.4 5.3e-19
134.433 5.45e-19
134.467 5.73e-19
134.5 6.14e-19
134.533 6.59e-19
134.567 7.15e-19
134.6 7.74e-19
134.633 8.22e-19
134.667 9.08e-19
134.7 9.85e-19
134.733 1.09e-18
134.767 1.19e-18
134.8 1.28e-18
134.833 1.22e-18
134.867 1.13e-18
134.9 9.75e-19
134.933 8.08e-19
134.967 7.29e-19
135.0 6.7e-19
135.033 6.43e-19
135.067 6.34e-19
135.1 6.31e-19
135.133 6.17e-19
135.167 6.04e-19
135.2 5.84e-19
135.233 5.69e-19
135.267 5.62e-19
135.3 5.58e-19
135.333 5.49e-19
135.367 5.43e-19
135.4 5.35e-19
135.433 5.3e-19
135.467 5.25e-19
135.5 5.14e-19
135.533 5.09e-19
135.567 5.13e-19
135.6 5.17e-19
135.633 5.23e-19
135.667 5.31e-19
135.7 5.45e-19
135.733 5.74e-19
135.767 6.11e-19
135.8 6.79e-19
135.833 7.51e-19
135.867 7.93e-19
135.9 8.94e-19
135.933 9.68e-19
135.967 1.0e-18
136.0 9.79e-19
136.033 9.47e-19
136.067 8.8e-19
136.1 8.02e-19
136.133 7.19e-19
136.167 6.69e-19
136.2 6.33e-19
136.233 6.0e-19
136.267 5.78e-19
136.3 5.64e-19
136.333 5.49e-19
136.367 5.45e-19
136.4 5.45e-19
136.433 5.46e-19
136.467 5.48e-19
136.5 5.47e-19
136.533 5.39e-19
136.567 5.36e-19
136.6 5.24e-19
136.633 5.25e-19
136.667 5.3e-19
136.7 5.43e-19
136.733 5.62e-19
136.767 5.85e-19
136.8 6.11e-19
136.833 6.44e-19
136.867 6.83e-19
136.9 6.96e-19
136.933 7.01e-19
136.967 6.9e-19
137.0 6.75e-19
137.033 6.64e-19
137.067 6.34e-19
137.1 6.16e-19
137.133 5.85e-19
137.167 5.62e-19
137.2 5.49e-19
137.233 5.42e-19
137.267 5.4e-19
137.3 5.39e-19
137.333 5.27e-19
137.367 5.18e-19
137.4 5.09e-19
137.433 5.02e-19
137.467 4.98e-19
137.5 4.97e-19
137.533 4.96e-19
137.567 4.94e-19
137.6 4.96e-19
137.633 4.97e-19
137.667 4.98e-19
137.7 5.03e-19
137.733 5.04e-19
137.767 5.1e-19
137.8 5.16e-19
137.833 5.43e-19
137.867 5.78e-19
137.9 6.19e-19
137.933 6.69e-19
137.967 7.07e-19
138.0 7.0e-19
138.033 6.69e-19
138.067 6.24e-19
138.1 5.78e-19
138.133 5.49e-19
138.167 5.21e-19
138.2 5.06e-19
138.233 5.0e-19
138.267 4.92e-19
138.3 4.96e-19
138.333 5.02e-19
138.367 5.07e-19
138.4 5.15e-19
138.433 5.24e-19
138.467 5.28e-19
138.5 5.29e-19
138.533 5.3e-19
138.567 5.26e-19
138.6 5.15e-19
138.633 5.05e-19
138.667 4.92e-19
138.7 4.82e-19
138.733 4.75e-19
138.767 4.69e-19
138.8 4.65e-19
138.833 4.66e-19
138.867 4.71e-19
138.9 4.8e-19
138.933 4.91e-19
138.967 5.04e-19
139.0 5.14e-19
139.033 5.15e-19
139.067 5.13e-19
139.1 5.13e-19
139.133 5.11e-19
139.167 5.09e-19
139.2 5.14e-19
139.233 5.24e-19
139.267 5.37e-19
139.3 5.44e-19
139.333 5.5e-19
139.367 5.5e-19
139.4 5.43e-19
139.433 5.33e-19
139.467 5.19e-19
139.5 5.05e-19
139.533 4.98e-19
139.567 4.85e-19
139.6 4.76e-19
139.633 4.61e-19
139.667 4.58e-19
139.7 4.59e-19
139.733 4.68e-19
139.767 4.81e-19
139.8 4.9e-19
139.833 4.95e-19
139.867 4.98e-19
139.9 5.05e-19
139.933 5.12e-19
139.967 5.19e-19
140.0 5.25e-19
140.033 5.33e-19
140.067 5.38e-19
140.1 5.45e-19
140.133 5.57e-19
140.167 5.59e-19
140.2 5.66e-19
140.233 5.69e-19
140.267 5.68e-19
140.3 5.63e-19
140.333 5.54e-19
140.367 5.42e-19
140.4 5.3e-19
140.433 5.17e-19
140.467 5.05e-19
140.5 4.93e-19
140.533 4.9e-19
140.567 4.85e-19
140.6 4.84e-19
140.633 4.87e-19
140.667 4.87e-19
140.7 4.93e-19
140.733 4.92e-19
140.767 5.03e-19
140.8 5.08e-19
140.833 5.14e-19
140.867 5.19e-19
140.9 5.28e-19
140.933 5.37e-19
140.967 5.42e-19
141.0 5.51e-19
141.033 5.6e-19
141.067 5.64e-19
141.1 5.75e-19
141.133 5.78e-19
141.167 5.82e-19
141.2 5.73e-19
141.233 5.65e-19
141.267 5.5e-19
141.3 5.42e-19
141.333 5.43e-19
141.367 5.44e-19
141.4 5.37e-19
141.433 5.3e-19
141.467 5.26e-19
141.5 5.25e-19
141.533 5.29e-19
141.567 5.38e-19
141.6 5.45e-19
141.633 5.37e-19
141.667 5.37e-19
141.7 5.4e-19
141.733 5.46e-19
141.767 5.51e-19
141.8 5.51e-19
141.833 5.38e-19
141.867 5.22e-19
141.9 5.12e-19
141.933 5.04e-19
141.967 4.96e-19
142.0 4.98e-19
142.033 5.0e-19
142.067 5.08e-19
142.1 5.27e-19
142.133 5.43e-19
142.167 5.59e-19
142.2 5.72e-19
142.233 5.84e-19
142.267 5.87e-19
142.3 5.89e-19
142.333 5.89e-19
142.367 5.89e-19
142.4 5.93e-19
142.433 5.9e-19
142.467 5.87e-19
142.5 5.88e-19
142.533 5.93e-19
142.567 5.86e-19
142.6 5.78e-19
142.633 5.71e-19
142.667 5.63e-19
142.7 5.45e-19
142.733 5.3e-19
142.767 5.17e-19
142.8 5.14e-19
142.833 5.11e-19
142.867 5.07e-19
142.9 4.98e-19
142.933 4.89e-19
142.967 4.85e-19
143.0 4.88e-19
143.033 4.98e-19
143.067 5.09e-19
143.1 5.25e-19
143.133 5.41e-19
143.167 5.54e-19
143.2 5.68e-19
143.233 5.84e-19
143.267 5.89e-19
143.3 5.88e-19
143.333 5.86e-19
143.367 5.91e-19
143.4 6.01e-19
143.433 6.08e-19
143.467 6.08e-19
143.5 6.1e-19
143.533 6.11e-19
143.567 6.11e-19
143.6 6.08e-19
143.633 6.02e-19
143.667 5.94e-19
143.7 5.8e-19
143.733 5.72e-19
143.767 5.53e-19
143.8 5.36e-19
143.833 5.2e-19
143.867 4.99e-19
143.9 4.9e-19
143.933 4.88e-19
143.967 4.92e-19
144.0 4.94e-19
144.033 4.99e-19
144.067 5.03e-19
144.1 5.04e-19
144.133 5.14e-19
144.167 5.25e-19
144.2 5.34e-19
144.233 5.52e-19
144.267 5.65e-19
144.3 5.73e-19
144.333 5.74e-19
144.367 5.77e-19
144.4 5.76e-19
144.433 5.76e-19
144.467 5.79e-19
144.5 5.88e-19
144.533 5.99e-19
144.567 6.08e-19
144.6 6.22e-19
144.633 6.29e-19
144.667 6.29e-19
144.7 6.24e-19
144.733 6.14e-19
144.767 6.02e-19
144.8 5.83e-19
144.833 5.59e-19
144.867 5.41e-19
144.9 5.27e-19
144.933 5.15e-19
144.967 5.08e-19
145.0 5.16e-19
145.033 5.25e-19
145.067 5.34e-19
145.1 5.38e-19
145.133 5.31e-19
145.167 5.25e-19
145.2 5.14e-19
145.233 5.07e-19
145.267 5.06e-19
145.3 5.1e-19
145.333 5.15e-19
145.367 5.18e-19
145.4 5.16e-19
145.433 5.17e-19
145.467 5.15e-19
145.5 5.31e-19
145.533 5.54e-19
145.567 5.75e-19
145.6 5.96e-19
145.633 6.21e-19
145.667 6.41e-19
145.7 6.48e-19
145.733 6.48e-19
145.767 6.49e-19
145.8 6.47e-19
145.833 6.39e-19
145.867 6.29e-19
145.9 6.05e-19
145.933 5.85e-19
145.967 5.69e-19
146.0 5.55e-19
146.033 5.37e-19
146.067 5.28e-19
146.1 5.1e-19
146.133 4.93e-19
146.167 4.74e-19
146.2 4.67e-19
146.233 4.59e-19
146.267 4.58e-19
146.3 4.62e-19
146.333 4.66e-19
146.367 4.69e-19
146.4 4.71e-19
146.433 4.81e-19
146.467 4.97e-19
146.5 5.28e-19
146.533 5.48e-19
146.567 5.67e-19
146.6 5.78e-19
146.633 5.89e-19
146.667 6.01e-19
146.7 6.21e-19
146.733 6.38e-19
146.767 6.41e-19
146.8 6.4e-19
146.833 6.23e-19
146.867 6.06e-19
146.9 5.83e-19
146.933 5.6e-19
146.967 5.5e-19
147.0 5.47e-19
147.033 5.46e-19
147.067 5.41e-19
147.1 5.32e-19
147.133 5.09e-19
147.167 4.93e-19
147.2 4.89e-19
147.233 4.91e-19
147.267 4.95e-19
147.3 5.0e-19
147.333 5.05e-19
147.367 5.11e-19
147.4 5.14e-19
147.433 5.18e-19
147.467 5.17e-19
147.5 5.13e-19
147.533 5.09e-19
147.567 5.16e-19
147.6 5.23e-19
147.633 5.31e-19
147.667 5.39e-19
147.7 5.35e-19
147.733 5.28e-19
147.767 5.25e-19
147.8 5.27e-19
147.833 5.24e-19
147.867 5.22e-19
147.9 5.25e-19
147.933 5.3e-19
147.967 5.38e-19
148.0 5.55e-19
148.033 5.69e-19
148.067 5.82e-19
148.1 5.82e-19
148.133 5.73e-19
148.167 5.61e-19
148.2 5.42e-19
148.233 5.29e-19
148.267 5.15e-19
148.3 5.09e-19
148.333 5.09e-19
148.367 5.12e-19
148.4 5.14e-19
148.433 5.13e-19
148.467 5.08e-19
148.5 4.97e-19
148.533 4.88e-19
148.567 4.78e-19
148.6 4.79e-19
148.633 4.86e-19
148.667 4.92e-19
148.7 4.97e-19
148.733 4.95e-19
148.767 4.91e-19
148.8 4.88e-19
148.833 4.8e-19
148.867 4.71e-19
148.9 4.62e-19
148.933 4.58e-19
148.967 4.63e-19
149.0 4.71e-19
149.033 4.88e-19
149.067 5.0e-19
149.1 5.1e-19
149.133 5.26e-19
149.167 5.38e-19
149.2 5.39e-19
149.233 5.31e-19
149.267 5.2e-19
149.3 5.14e-19
149.333 5.17e-19
149.367 5.27e-19
149.4 5.33e-19
149.433 5.36e-19
149.467 5.35e-19
149.5 5.35e-19
149.533 5.33e-19
149.567 5.29e-19
149.6 5.24e-19
149.633 5.12e-19
149.667 4.92e-19
149.7 4.74e-19
149.733 4.6e-19
149.767 4.46e-19
149.8 4.36e-19
149.833 4.34e-19
149.867 4.26e-19
149.9 4.15e-19
149.933 3.98e-19
149.967 3.88e-19
150.0 3.84e-19
150.033 3.89e-19
150.067 3.99e-19
150.1 4.14e-19
150.133 4.32e-19
150.167 4.5e-19
150.2 4.68e-19
150.233 4.87e-19
150.267 5.03e-19
150.3 5.2e-19
150.333 5.35e-19
150.367 5.42e-19
150.4 5.44e-19
150.433 5.44e-19
150.467 5.3e-19
150.5 5.17e-19
150.533 5.08e-19
150.567 4.98e-19
150.6 4.88e-19
150.633 4.78e-19
150.667 4.67e-19
150.7 4.63e-19
150.733 4.61e-19
150.767 4.51e-19
150.8 4.41e-19
150.833 4.29e-19
150.867 4.15e-19
150.9 3.94e-19
150.933 3.86e-19
150.967 3.81e-19
151.0 3.85e-19
151.033 3.93e-19
151.067 3.96e-19
151.1 3.98e-19
151.133 3.97e-19
151.167 3.91e-19
151.2 3.79e-19
151.233 3.79e-19
151.267 3.87e-19
151.3 4.05e-19
151.333 4.3e-19
151.367 4.49e-19
151.4 4.56e-19
151.433 4.58e-19
151.467 4.62e-19
151.5 4.68e-19
151.533 4.7e-19
151.567 4.71e-19
151.6 4.7e-19
151.633 4.69e-19
151.667 4.63e-19
151.7 4.55e-19
151.733 4.48e-19
151.767 4.46e-19
151.8 4.51e-19
151.833 4.57e-19
151.867 4.59e-19
151.9 4.54e-19
151.933 4.35e-19
151.967 4.09e-19
152.0 3.83e-19
152.033 3.59e-19
152.067 3.48e-19
152.1 3.43e-19
152.133 3.46e-19
152.167 3.54e-19
152.2 3.66e-19
152.233 3.7e-19
152.267 3.72e-19
152.3 3.73e-19
152.333 3.69e-19
152.367 3.68e-19
152.4 3.72e-19
152.433 3.76e-19
152.467 3.84e-19
152.5 3.9e-19
152.533 3.93e-19
152.567 3.88e-19
152.6 3.81e-19
152.633 3.76e-19
152.667 3.78e-19
152.7 3.88e-19
152.733 3.95e-19
152.767 4.02e-19
152.8 4.06e-19
152.833 4.06e-19
152.867 4.11e-19
152.9 4.13e-19
152.933 4.12e-19
152.967 4.09e-19
153.0 3.99e-19
153.033 4.0e-19
153.067 4.01e-19
153.1 4.01e-19
153.133 4.02e-19
153.167 3.93e-19
153.2 3.81e-19
153.233 3.7e-19
153.267 3.61e-19
153.3 3.53e-19
153.333 3.44e-19
153.367 3.27e-19
153.4 3.24e-19
153.433 3.18e-19
153.467 3.18e-19
153.5 3.23e-19
153.533 3.29e-19
153.567 3.27e-19
153.6 3.2e-19
153.633 3.12e-19
153.667 3.03e-19
153.7 3.05e-19
153.733 3.12e-19
153.767 3.17e-19
153.8 3.27e-19
153.833 3.36e-19
153.867 3.45e-19
153.9 3.51e-19
153.933 3.5e-19
153.967 3.49e-19
154.0 3.46e-19
154.033 3.52e-19
154.067 3.62e-19
154.1 3.74e-19
154.133 3.77e-19
154.167 3.79e-19
154.2 3.79e-19
154.233 3.73e-19
154.267 3.58e-19
154.3 3.45e-19
154.333 3.36e-19
154.367 3.25e-19
154.4 3.11e-19
154.433 3.01e-19
154.467 3.02e-19
154.5 3.03e-19
154.533 3.09e-19
154.567 3.24e-19
154.6 3.31e-19
154.633 3.34e-19
154.667 3.34e-19
154.7 3.26e-19
154.733 3.1e-19
154.767 2.93e-19
154.8 2.75e-19
154.833 2.64e-19
154.867 2.64e-19
154.9 2.65e-19
154.933 2.7e-19
154.967 2.72e-19
155.0 2.74e-19
155.033 2.73e-19
155.067 2.71e-19
155.1 2.67e-19
155.133 2.64e-19
155.167 2.63e-19
155.2 2.65e-19
155.233 2.76e-19
155.267 2.86e-19
155.3 3.01e-19
155.333 3.15e-19
155.367 3.27e-19
155.4 3.34e-19
155.433 3.33e-19
155.467 3.29e-19
155.5 3.18e-19
155.533 3.07e-19
155.567 2.95e-19
155.6 2.84e-19
155.633 2.78e-19
155.667 2.74e-19
155.7 2.77e-19
155.733 2.81e-19
155.767 2.9e-19
155.8 2.93e-19
155.833 2.98e-19
155.867 2.93e-19
155.9 2.86e-19
155.933 2.74e-19
155.967 2.66e-19
156.0 2.57e-19
156.033 2.57e-19
156.067 2.5e-19
156.1 2.49e-19
156.133 2.48e-19
156.167 2.45e-19
156.2 2.39e-19
156.233 2.34e-19
156.267 2.33e-19
156.3 2.34e-19
156.333 2.34e-19
156.367 2.38e-19
156.4 2.34e-19
156.433 2.32e-19
156.467 2.31e-19
156.5 2.35e-19
156.533 2.4e-19
156.567 2.44e-19
156.6 2.4e-19
156.633 2.34e-19
156.667 2.3e-19
156.7 2.31e-19
156.733 2.39e-19
156.767 2.43e-19
156.8 2.46e-19
156.833 2.39e-19
156.867 2.31e-19
156.9 2.29e-19
156.933 2.31e-19
156.967 2.38e-19
157.0 2.48e-19
157.033 2.71e-19
157.067 2.82e-19
157.1 2.87e-19
157.133 2.76e-19
157.167 2.6e-19
157.2 2.56e-19
157.233 2.59e-19
157.267 2.58e-19
157.3 2.52e-19
157.333 2.33e-19
157.367 2.18e-19
157.4 2.04e-19
157.433 1.89e-19
157.467 1.84e-19
157.5 1.85e-19
157.533 1.9e-19
157.567 1.97e-19
157.6 1.97e-19
157.633 1.97e-19
157.667 1.97e-19
157.7 1.93e-19
157.733 1.82e-19
157.767 1.76e-19
157.8 1.79e-19
157.833 1.83e-19
157.867 1.85e-19
157.9 1.85e-19
157.933 1.84e-19
157.967 1.86e-19
158.0 1.89e-19
158.033 1.95e-19
158.067 2.02e-19
158.1 2.06e-19
158.133 2.09e-19
158.167 2.04e-19
158.2 1.97e-19
158.233 1.89e-19
158.267 1.84e-19
158.3 1.84e-19
158.333 1.91e-19
158.367 2.05e-19
158.4 2.19e-19
158.433 2.28e-19
158.467 2.29e-19
158.5 2.21e-19
158.533 2.14e-19
158.567 2.08e-19
158.6 2.05e-19
158.633 2.0e-19
158.667 1.98e-19
158.7 1.91e-19
158.733 1.82e-19
158.767 1.78e-19
158.8 1.74e-19
158.833 1.72e-19
158.867 1.71e-19
158.9 1.71e-19
158.933 1.7e-19
158.967 1.68e-19
159.0 1.59e-19
159.033 1.53e-19
159.067 1.53e-19
159.1 1.38e-19
159.133 1.38e-19
159.167 1.39e-19
159.2 1.4e-19
159.233 1.38e-19
159.267 1.32e-19
159.3 1.27e-19
159.333 1.23e-19
159.367 1.26e-19
159.4 1.32e-19
159.433 1.4e-19
159.467 1.45e-19
159.5 1.55e-19
159.533 1.65e-19
159.567 1.77e-19
159.6 1.84e-19
159.633 1.9e-19
159.667 1.93e-19
159.7 1.92e-19
159.733 1.89e-19
159.767 1.83e-19
159.8 1.74e-19
159.833 1.59e-19
159.867 1.49e-19
159.9 1.47e-19
159.933 1.46e-19
159.967 1.48e-19
160.0 1.53e-19
160.033 1.63e-19
160.067 1.65e-19
160.1 1.63e-19
160.133 1.6e-19
160.167 1.55e-19
160.2 1.46e-19
160.233 1.35e-19
160.267 1.28e-19
160.3 1.24e-19
160.333 1.18e-19
160.367 1.16e-19
160.4 1.16e-19
160.433 1.21e-19
160.467 1.26e-19
160.5 1.33e-19
160.533 1.4e-19
160.567 1.42e-19
160.6 1.32e-19
160.633 1.22e-19
160.667 1.12e-19
160.7 1.05e-19
160.733 9.96e-20
160.767 9.68e-20
160.8 9.83e-20
160.833 1.03e-19
160.867 1.06e-19
160.9 1.1e-19
160.933 1.16e-19
160.967 1.27e-19
161.0 1.35e-19
161.033 1.38e-19
161.067 1.37e-19
161.1 1.35e-19
161.133 1.37e-19
161.167 1.37e-19
161.2 1.36e-19
161.233 1.33e-19
161.267 1.3e-19
161.3 1.29e-19
161.333 1.3e-19
161.367 1.31e-19
161.4 1.29e-19
161.433 1.28e-19
161.467 1.27e-19
161.5 1.24e-19
161.533 1.19e-19
161.567 1.14e-19
161.6 1.1e-19
161.633 1.1e-19
161.667 1.06e-19
161.7 1.01e-19
161.733 9.66e-20
161.767 9.13e-20
161.8 9.0e-20
161.833 9.39e-20
161.867 9.5e-20
161.9 9.16e-20
161.933 8.64e-20
161.967 8.33e-20
162.0 8.42e-20
162.033 8.86e-20
162.067 9.22e-20
162.1 9.59e-20
162.133 1.0e-19
162.167 1.03e-19
162.2 1.05e-19
162.233 9.81e-20
162.267 8.92e-20
162.3 8.1e-20
162.333 7.84e-20
162.367 7.61e-20
162.4 7.6e-20
162.433 7.89e-20
162.467 8.43e-20
162.5 9.13e-20
162.533 9.57e-20
162.567 9.83e-20
162.6 1.0e-19
162.633 9.82e-20
162.667 9.49e-20
162.7 8.82e-20
162.733 8.23e-20
162.767 7.9e-20
162.8 8.15e-20
162.833 8.75e-20
162.867 9.44e-20
162.9 9.77e-20
162.933 1.03e-19
162.967 1.04e-19
163.0 1.02e-19
163.033 1.03e-19
163.067 9.8e-20
163.1 9.22e-20
163.133 8.68e-20
163.167 8.37e-20
163.2 7.91e-20
163.233 7.36e-20
163.267 7.25e-20
163.3 7.41e-20
163.333 7.46e-20
163.367 7.28e-20
163.4 7.1e-20
163.433 7.03e-20
163.467 6.98e-20
163.5 7.0e-20
163.533 7.04e-20
163.567 7.02e-20
163.6 6.9e-20
163.633 6.67e-20
163.667 6.44e-20
163.7 6.34e-20
163.733 6.38e-20
163.767 6.61e-20
163.8 6.97e-20
163.833 7.31e-20
163.867 7.48e-20
163.9 7.35e-20
163.933 6.79e-20
163.967 6.51e-20
164.0 6.47e-20
164.033 6.46e-20
164.067 6.28e-20
164.1 6.2e-20
164.133 6.29e-20
164.167 6.38e-20
164.2 6.49e-20
164.233 6.73e-20
164.267 7.1e-20
164.3 7.5e-20
164.333 7.63e-20
164.367 7.6e-20
164.4 7.24e-20
164.433 6.8e-20
164.467 6.41e-20
164.5 6.22e-20
164.533 6.31e-20
164.567 6.57e-20
164.6 6.89e-20
164.633 7.09e-20
164.667 7.01e-20
164.7 6.51e-20
164.733 6.04e-20
164.767 5.98e-20
164.8 6.06e-20
164.833 6.03e-20
164.867 5.84e-20
164.9 5.61e-20
164.933 5.36e-20
164.967 5.08e-20
165.0 4.85e-20
165.033 4.71e-20
165.067 4.59e-20
165.1 4.61e-20
165.133 4.94e-20
165.167 5.36e-20
165.2 5.31e-20
165.233 5.11e-20
165.267 4.84e-20
165.3 4.51e-20
165.333 4.25e-20
165.367 4.14e-20
165.4 4.12e-20
165.433 4.17e-20
165.467 4.22e-20
165.5 4.27e-20
165.533 4.45e-20
165.567 4.75e-20
165.6 4.99e-20
165.633 5.09e-20
165.667 5.06e-20
165.7 5.0e-20
165.733 4.94e-20
165.767 4.89e-20
165.8 4.89e-20
165.833 4.97e-20
165.867 5.01e-20
165.9 5.02e-20
165.933 5.14e-20
165.967 5.27e-20
166.0 5.13e-20
166.033 4.8e-20
166.067 4.63e-20
166.1 4.66e-20
166.133 4.75e-20
166.167 4.79e-20
166.2 4.76e-20
166.233 4.61e-20
166.267 4.35e-20
166.3 4.22e-20
166.333 4.36e-20
166.367 4.4e-20
166.4 4.14e-20
166.433 3.94e-20
166.467 3.84e-20
166.5 3.68e-20
166.533 3.51e-20
166.567 3.43e-20
166.6 3.36e-20
166.633 3.16e-20
166.667 2.95e-20
166.7 2.85e-20
166.733 2.9e-20
166.767 3.06e-20
166.8 3.35e-20
166.833 3.68e-20
166.867 3.77e-20
166.9 3.72e-20
166.933 3.55e-20
166.967 3.32e-20
167.0 3.14e-20
167.033 3.06e-20
167.067 3.06e-20
167.1 3.12e-20
167.133 3.26e-20
167.167 3.31e-20
167.2 3.17e-20
167.233 3.02e-20
167.267 2.92e-20
167.3 2.94e-20
167.333 3.13e-20
167.367 3.41e-20
167.4 3.51e-20
167.433 3.48e-20
167.467 3.49e-20
167.5 3.63e-20
167.533 3.62e-20
167.567 3.35e-20
167.6 3.32e-20
167.633 3.49e-20
167.667 3.65e-20
167.7 3.75e-20
167.733 3.79e-20
167.767 3.51e-20
167.8 3.15e-20
167.833 2.87e-20
167.867 2.59e-20
167.9 2.45e-20
167.933 2.46e-20
167.967 2.52e-20
168.0 2.53e-20
168.033 2.5e-20
168.067 2.46e-20
168.1 2.39e-20
168.133 2.31e-20
168.167 2.37e-20
168.2 2.51e-20
168.233 2.6e-20
168.267 2.54e-20
168.3 2.37e-20
168.333 2.17e-20
168.367 2.0e-20
168.4 1.94e-20
168.433 1.9e-20
168.467 1.9e-20
168.5 1.96e-20
168.533 2.1e-20
168.567 2.22e-20
168.6 2.43e-20
168.633 2.62e-20
168.667 2.73e-20
168.7 2.73e-20
168.733 2.62e-20
168.767 2.38e-20
168.8 2.13e-20
168.833 1.93e-20
168.867 1.88e-20
168.9 1.9e-20
168.933 1.9e-20
168.967 1.9e-20
169.0 2.0e-20
169.033 2.14e-20
169.067 2.34e-20
169.1 2.48e-20
169.133 2.62e-20
169.167 2.65e-20
169.2 2.59e-20
169.233 2.42e-20
169.267 2.33e-20
169.3 2.24e-20
169.333 2.13e-20
169.367 2.0e-20
169.4 1.85e-20
169.433 1.74e-20
169.467 1.69e-20
169.5 1.66e-20
169.533 1.74e-20
169.567 1.87e-20
169.6 1.98e-20
169.633 1.93e-20
169.667 1.85e-20
169.7 1.81e-20
169.733 1.77e-20
169.767 1.66e-20
169.8 1.58e-20
169.833 1.51e-20
169.867 1.47e-20
169.9 1.44e-20
169.933 1.39e-20
169.967 1.36e-20
170.0 1.37e-20
170.033 1.38e-20
170.067 1.4e-20
170.1 1.37e-20
170.133 1.4e-20
170.167 1.48e-20
170.2 1.53e-20
170.233 1.52e-20
170.267 1.47e-20
170.3 1.45e-20
170.333 1.43e-20
170.367 1.42e-20
170.4 1.42e-20
170.433 1.55e-20
170.467 1.73e-20
170.5 1.86e-20
170.533 1.84e-20
170.567 1.77e-20
170.6 1.56e-20
170.633 1.41e-20
170.667 1.35e-20
170.7 1.35e-20
170.733 1.4e-20
170.767 1.43e-20
170.8 1.46e-20
170.833 1.5e-20
170.867 1.54e-20
170.9 1.52e-20
170.933 1.45e-20
170.967 1.32e-20
171.0 1.26e-20
171.033 1.25e-20
171.067 1.23e-20
171.1 1.23e-20
171.133 1.24e-20
171.167 1.2e-20
171.2 1.11e-20
171.233 1.02e-20
171.267 9.59e-21
171.3 9.28e-21
171.333 9.3e-21
171.367 9.48e-21
171.4 9.67e-21
171.433 9.92e-21
171.467 1.02e-20
171.5 1.09e-20
171.533 1.17e-20
171.567 1.31e-20
171.6 1.36e-20
171.633 1.22e-20
171.667 1.01e-20
171.7 8.78e-21
171.733 7.59e-21
171.767 7.26e-21
171.8 7.0e-21
171.833 7.32e-21
171.867 8.0e-21
171.9 8.48e-21
171.933 9.37e-21
171.967 1.06e-20
172.0 1.21e-20
172.033 1.23e-20
172.067 1.12e-20
172.1 1.01e-20
172.133 9.65e-21
172.167 9.57e-21
172.2 9.23e-21
172.233 8.75e-21
172.267 8.56e-21
172.3 8.88e-21
172.333 9.32e-21
172.367 9.56e-21
172.4 9.61e-21
172.433 9.64e-21
172.467 9.49e-21
172.5 9.12e-21
172.533 9.37e-21
172.567 9.72e-21
172.6 9.1e-21
172.633 8.4e-21
172.667 7.66e-21
172.7 7.11e-21
172.733 6.65e-21
172.767 6.49e-21
172.8 6.69e-21
172.833 6.72e-21
172.867 6.94e-21
172.9 6.95e-21
172.933 6.54e-21
172.967 6.22e-21
173.0 6.14e-21
173.033 6.24e-21
173.067 6.57e-21
173.1 6.49e-21
173.133 6.3e-21
173.167 6.0e-21
173.2 6.02e-21
173.233 5.88e-21
173.267 5.55e-21
173.3 5.39e-21
173.333 5.71e-21
173.367 6.29e-21
173.4 7.49e-21
173.433 8.45e-21
173.467 8.57e-21
173.5 8.17e-21
173.533 7.44e-21
173.567 6.52e-21
173.6 5.62e-21
173.633 5.21e-21
173.667 4.85e-21
173.7 4.92e-21
173.733 4.9e-21
173.767 5.07e-21
173.8 5.31e-21
173.833 5.5e-21
173.867 5.91e-21
173.9 6.08e-21
173.933 5.88e-21
173.967 5.79e-21
174.0 5.67e-21
174.033 5.57e-21
174.067 5.83e-21
174.1 6.13e-21
174.133 6.43e-21
174.167 6.21e-21
174.2 5.8e-21
174.233 5.58e-21
174.267 5.49e-21
174.3 5.61e-21
174.333 5.35e-21
174.367 4.84e-21
174.4 4.43e-21
174.433 3.98e-21
174.467 4.03e-21
174.5 3.89e-21
174.533 3.84e-21
174.567 3.58e-21
174.6 3.3e-21
174.633 3.47e-21
174.667 3.41e-21
174.7 3.5e-21
174.733 3.63e-21
174.767 3.64e-21
174.8 3.61e-21
174.833 4.05e-21
174.867 4.4e-21
174.9 4.63e-21
174.933 5.34e-21
174.967 5.63e-21
175.0 5.45e-21
175.033 5.19e-21
175.067 4.76e-21
175.1 4.57e-21
175.133 4.48e-21
175.167 4.24e-21
175.2 3.67e-21
175.233 3.22e-21
175.267 3.01e-21
175.3 2.97e-21
175.333 3.02e-21
175.367 3.1e-21
175.4 3.23e-21
175.433 3.48e-21
175.467 3.61e-21
175.5 3.47e-21
175.533 3.38e-21
175.567 3.42e-21
175.6 3.58e-21
175.633 3.43e-21
175.667 3.07e-21
175.7 2.78e-21
175.733 2.71e-21
175.767 2.61e-21
175.8 2.58e-21
175.833 2.72e-21
175.867 2.89e-21
175.9 2.97e-21
175.933 3.03e-21
175.967 3.16e-21
176.0 3.44e-21
176.033 3.46e-21
176.067 3.33e-21
176.1 3.18e-21
176.133 3.13e-21
176.167 3.18e-21
176.2 3.12e-21
176.233 2.99e-21
176.267 2.93e-21
176.3 2.69e-21
176.333 2.33e-21
176.367 2.15e-21
176.4 2.2e-21
176.433 2.33e-21
176.467 2.39e-21
176.5 2.44e-21
176.533 2.36e-21
176.567 2.2e-21
176.6 1.99e-21
176.633 1.95e-21
176.667 2.03e-21
176.7 2.32e-21
176.733 2.48e-21
176.767 2.48e-21
176.8 2.41e-21
176.833 2.25e-21
176.867 2.08e-21
176.9 1.95e-21
176.933 2.0e-21
176.967 2.05e-21
177.0 2.1e-21
177.033 2.15e-21
177.067 2.26e-21
177.1 2.42e-21
177.133 2.39e-21
177.167 2.24e-21
177.2 2.11e-21
177.233 1.92e-21
177.267 1.73e-21
177.3 1.65e-21
177.333 1.6e-21
177.367 1.59e-21
177.4 1.63e-21
177.433 1.63e-21
177.467 1.63e-21
177.5 1.57e-21
177.533 1.53e-21
177.567 1.45e-21
177.6 1.36e-21
177.633 1.34e-21
177.667 1.39e-21
177.7 1.45e-21
177.733 1.51e-21
177.767 1.52e-21
177.8 1.5e-21
177.833 1.45e-21
177.867 1.42e-21
177.9 1.38e-21
177.933 1.42e-21
177.967 1.49e-21
178.0 1.6e-21
178.033 1.62e-21
178.067 1.83e-21
178.1 2.15e-21
178.133 2.41e-21
178.167 2.42e-21
178.2 2.21e-21
178.233 1.96e-21
178.267 1.68e-21
178.3 1.41e-21
178.333 1.25e-21
178.367 1.11e-21
178.4 1.07e-21
178.433 1.2e-21
178.467 1.24e-21
178.5 1.14e-21
178.533 9.83e-22
178.567 8.74e-22
178.6 9.11e-22
178.633 9.75e-22
178.667 9.89e-22
178.7 1.05e-21
178.733 1.0e-21
178.767 9.34e-22
178.8 8.68e-22
178.833 8.59e-22
178.867 9.23e-22
178.9 1.05e-21
178.933 1.1e-21
178.967 1.07e-21
179.0 1.07e-21
179.033 1.03e-21
179.067 1.08e-21
179.1 1.1e-21
179.133 1.11e-21
179.167 1.11e-21
179.2 9.59e-22
179.233 7.97e-22
179.267 7.4e-22
179.3 7.85e-22
179.333 8.0e-22
179.367 7.97e-22
179.4 7.48e-22
179.433 7.33e-22
179.467 7.56e-22
179.5 7.63e-22
179.533 7.74e-22
179.567 8.24e-22
179.6 8.97e-22
179.633 9.33e-22
179.667 9.17e-22
179.7 9.12e-22
179.733 9.44e-22
179.767 1.01e-21
179.8 1.08e-21
179.833 1.09e-21
179.867 1.04e-21
179.9 9.46e-22
179.933 8.6e-22
179.967 8.57e-22
180.0 8.29e-22
180.033 8.6e-22
180.067 9.22e-22
180.1 9.57e-22
180.133 9.1e-22
180.167 8.42e-22
180.2 7.84e-22
180.233 7.6e-22
180.267 7.72e-22
180.3 8.16e-22
180.333 8.43e-22
180.367 8.26e-22
180.4 7.58e-22
180.433 6.82e-22
180.467 6.19e-22
180.5 5.58e-22
180.533 4.56e-22
180.567 3.75e-22
180.6 3.32e-22
180.633 3.27e-22
180.667 3.31e-22
180.7 3.35e-22
180.733 3.53e-22
180.767 3.75e-22
180.8 4.01e-22
180.833 4.37e-22
180.867 4.49e-22
180.9 4.3e-22
180.933 3.88e-22
180.967 3.64e-22
181.0 3.61e-22
181.033 3.68e-22
181.067 3.73e-22
181.1 3.99e-22
181.133 4.26e-22
181.167 4.36e-22
181.2 4.25e-22
181.233 4.18e-22
181.267 4.26e-22
181.3 4.35e-22
181.333 4.42e-22
181.367 4.75e-22
181.4 5.32e-22
181.433 5.58e-22
181.467 5.58e-22
181.5 5.76e-22
181.533 5.79e-22
181.567 5.47e-22
181.6 5.14e-22
181.633 5.0e-22
181.667 5.0e-22
181.7 5.18e-22
181.733 5.52e-22
181.767 5.75e-22
181.8 5.76e-22
181.833 5.52e-22
181.867 5.12e-22
181.9 4.81e-22
181.933 5.03e-22
181.967 5.24e-22
182.0 5.0e-22
182.033 4.68e-22
182.067 4.45e-22
182.1 4.13e-22
182.133 3.85e-22
182.167 3.64e-22
182.2 3.38e-22
182.233 2.85e-22
182.267 2.49e-22
182.3 2.41e-22
182.333 2.47e-22
182.367 2.61e-22
182.4 2.73e-22
182.433 2.87e-22
182.467 3.01e-22
182.5 3.11e-22
182.533 2.97e-22
182.567 2.61e-22
182.6 2.22e-22
182.633 1.93e-22
182.667 1.63e-22
182.7 1.44e-22
182.733 1.42e-22
182.767 1.44e-22
182.8 1.5e-22
182.833 1.65e-22
182.867 1.83e-22
182.9 1.87e-22
182.933 1.79e-22
182.967 1.8e-22
183.0 1.81e-22
183.033 1.82e-22
183.067 1.96e-22
183.1 2.18e-22
183.133 2.26e-22
183.167 2.32e-22
183.2 2.26e-22
183.233 2.12e-22
183.267 2.01e-22
183.3 2.17e-22
183.333 2.49e-22
183.367 2.9e-22
183.4 3.33e-22
183.433 3.41e-22
183.467 3.17e-22
183.5 3.12e-22
183.533 3.33e-22
183.567 3.46e-22
183.6 3.5e-22
183.633 3.51e-22
183.667 3.52e-22
183.7 3.45e-22
183.733 3.31e-22
183.767 3.21e-22
183.8 3.18e-22
183.833 3.08e-22
183.867 3.03e-22
183.9 2.86e-22
183.933 2.48e-22
183.967 2.16e-22
184.0 1.98e-22
184.033 1.87e-22
184.067 1.81e-22
184.1 1.68e-22
184.133 1.43e-22
184.167 1.3e-22
184.2 1.21e-22
184.233 1.07e-22
184.267 1.01e-22
184.3 1.02e-22
184.333 1.02e-22
184.367 9.99e-23
184.4 9.91e-23
184.433 9.36e-23
184.467 8.74e-23
184.5 8.52e-23
184.533 9.11e-23
184.567 9.83e-23
184.6 1.07e-22
184.633 1.13e-22
184.667 1.15e-22
184.7 1.1e-22
184.733 1.03e-22
184.767 9.9e-23
184.8 1.02e-22
184.833 1.04e-22
184.867 1.05e-22
184.9 1.18e-22
184.933 1.27e-22
184.967 1.14e-22
185.0 9.91e-23
185.033 9.84e-23
185.067 1.09e-22
185.1 1.24e-22
185.133 1.32e-22
185.167 1.29e-22
185.2 1.16e-22
185.233 1.1e-22
185.267 1.11e-22
185.3 1.1e-22
185.333 1.11e-22
185.367 1.2e-22
185.4 1.34e-22
185.433 1.69e-22
185.467 1.97e-22
185.5 1.94e-22
185.533 1.79e-22
185.567 1.73e-22
185.6 1.66e-22
185.633 1.56e-22
185.667 1.51e-22
185.7 1.53e-22
185.733 1.62e-22
185.767 1.76e-22
185.8 1.85e-22
185.833 1.81e-22
185.867 1.64e-22
185.9 1.41e-22
185.933 1.21e-22
185.967 1.05e-22
186.0 9.05e-23
186.033 7.09e-23
186.067 5.95e-23
186.1 5.84e-23
186.133 6.07e-23
186.167 6.25e-23
186.2 5.66e-23
186.233 5.02e-23
186.267 4.27e-23
186.3 3.8e-23
186.333 3.56e-23
186.367 3.4e-23
186.4 3.46e-23
186.433 3.56e-23
186.467 3.4e-23
186.5 3.65e-23
186.533 3.73e-23
186.567 3.56e-23
186.6 3.76e-23
186.633 4.32e-23
186.667 4.91e-23
186.7 4.98e-23
186.733 5.16e-23
186.767 5.42e-23
186.8 5.76e-23
186.833 5.37e-23
186.867 5.26e-23
186.9 5.61e-23
186.933 6.21e-23
186.967 6.67e-23
187.0 7.14e-23
187.033 7.09e-23
187.067 7.15e-23
187.1 6.45e-23
187.133 6.07e-23
187.167 6.38e-23
187.2 6.94e-23
187.233 7.17e-23
187.267 7.17e-23
187.3 7.23e-23
187.333 7.01e-23
187.367 7.27e-23
187.4 7.66e-23
187.433 8.33e-23
187.467 8.42e-23
187.5 8.57e-23
187.533 9.03e-23
187.567 9.98e-23
187.6 1.07e-22
187.633 1.13e-22
187.667 1.14e-22
187.7 1.04e-22
187.733 9.16e-23
187.767 8.79e-23
187.8 7.99e-23
187.833 7.63e-23
187.867 7.4e-23
187.9 6.89e-23
187.933 6.25e-23
187.967 6.12e-23
188.0 5.81e-23
188.033 5.67e-23
188.067 5.25e-23
188.1 5.14e-23
188.133 4.83e-23
188.167 4.28e-23
188.2 3.67e-23
188.233 3.17e-23
188.267 2.82e-23
188.3 2.66e-23
188.333 2.41e-23
188.367 2.72e-23
188.4 2.68e-23
188.433 3.03e-23
188.467 3.17e-23
188.5 3.18e-23
188.533 3.3e-23
188.567 3.29e-23
188.6 3.48e-23
188.633 3.45e-23
188.667 3.54e-23
188.7 4.02e-23
188.733 4.27e-23
188.767 4.24e-23
188.8 4.21e-23
188.833 4.41e-23
188.867 4.39e-23
188.9 3.77e-23
188.933 3.24e-23
188.967 2.94e-23
189.0 3.19e-23
189.033 3.38e-23
189.067 3.39e-23
189.1 3.5e-23
189.133 3.79e-23
189.167 4.39e-23
189.2 4.68e-23
189.233 4.99e-23
189.267 4.53e-23
189.3 4.38e-23
189.333 4.17e-23
189.367 4.52e-23
189.4 4.7e-23
189.433 5.12e-23
189.467 4.9e-23
189.5 4.37e-23
189.533 4.0e-23
189.567 3.98e-23
189.6 4.33e-23
189.633 4.63e-23
189.667 5.58e-23
189.7 6.15e-23
189.733 5.94e-23
189.767 5.22e-23
189.8 4.36e-23
189.833 4.18e-23
189.867 3.85e-23
189.9 3.67e-23
189.933 3.7e-23
189.967 3.57e-23
190.0 3.19e-23
190.033 2.91e-23
190.067 2.87e-23
190.1 2.34e-23
190.133 2.28e-23
190.167 2.01e-23
190.2 2.09e-23
190.233 1.81e-23
190.267 1.63e-23
190.3 1.46e-23
190.333 1.4e-23
190.367 1.53e-23
190.4 1.51e-23
190.434 1.49e-23
190.467 1.47e-23
190.5 1.45e-23
190.534 1.43e-23
190.567 1.41e-23
190.6 1.39e-23
190.634 1.38e-23
190.667 1.36e-23
190.701 1.34e-23
190.734 1.32e-23
190.768 1.3e-23
190.801 1.29e-23
190.834 1.27e-23
190.868 1.25e-23
190.901 1.23e-23
190.934 1.22e-23
190.968 1.2e-23
191.001 1.18e-23
191.035 1.17e-23
191.068 1.15e-23
191.102 1.14e-23
191.135 1.12e-23
191.168 1.11e-23
191.202 1.09e-23
191.235 1.08e-23
191.269 1.06e-23
191.302 1.05e-23
191.335 1.03e-23
191.369 1.02e-23
191.402 1.01e-23
191.436 9.93e-24
191.469 9.79e-24
191.502 9.66e-24
191.536 9.53e-24
191.569 9.4e-24
191.603 9.28e-24
191.636 9.15e-24
191.669 9.03e-24
191.703 8.91e-24
191.736 8.79e-24
191.77 8.67e-24
191.803 8.55e-24
191.836 8.44e-24
191.87 8.32e-24
191.903 8.21e-24
191.937 8.1e-24
191.97 7.99e-24
192.003 7.88e-24
192.037 7.78e-24
192.07 7.67e-24
192.104 7.57e-24
192.137 7.46e-24
192.17 7.36e-24
192.204 7.26e-24
192.237 7.17e-24
192.271 7.07e-24
192.304 6.97e-24
192.337 6.88e-24
192.371 6.79e-24
192.404 6.7e-24
192.438 6.61e-24
192.471 6.52e-24
192.504 6.43e-24
192.538 6.34e-24
192.571 6.26e-24
192.605 6.17e-24
192.638 6.09e-24
192.671 6.01e-24
192.705 5.93e-24
192.738 5.85e-24
192.772 5.77e-24
192.805 5.69e-24
192.838 5.61e-24
192.872 5.54e-24
192.905 5.46e-24
192.939 5.39e-24
192.972 5.32e-24
193.005 5.24e-24
193.039 5.17e-24
193.072 5.1e-24
193.106 5.03e-24
193.139 4.97e-24
193.172 4.9e-24
193.206 4.83e-24
193.239 4.77e-24
193.273 4.7e-24
193.306 4.64e-24
193.339 4.58e-24
193.373 4.52e-24
193.406 4.46e-24
193.44 4.4e-24
193.473 4.34e-24
193.506 4.28e-24
193.54 4.22e-24
193.573 4.16e-24
193.607 4.11e-24
193.64 4.05e-24
193.673 4.0e-24
193.707 3.94e-24
193.74 3.89e-24
193.774 3.84e-24
193.807 3.79e-24
193.84 3.73e-24
193.874 3.68e-24
193.907 3.63e-24
193.941 3.58e-24
193.974 3.54e-24
194.007 3.49e-24
194.041 3.44e-24
194.074 3.4e-24
194.108 3.35e-24
194.141 3.3e-24
194.174 3.26e-24
194.208 3.22e-24
194.241 3.17e-24
194.275 3.13e-24
194.308 3.09e-24
194.341 3.05e-24
194.375 3.0e-24
194.408 2.96e-24
194.442 2.92e-24
194.475 2.88e-24
194.508 2.85e-24
194.542 2.81e-24
194.575 2.77e-24
194.609 2.73e-24
194.642 2.7e-24
194.675 2.66e-24
194.709 2.62e-24
194.742 2.59e-24
194.776 2.55e-24
194.809 2.52e-24
194.842 2.48e-24
194.876 2.45e-24
194.909 2.42e-24
194.943 2.39e-24
194.976 2.35e-24
195.009 2.32e-24
195.043 2.29e-24
195.076 2.26e-24
195.11 2.22e-24
195.143 2.19e-24
195.176 2.16e-24
195.21 2.13e-24
195.243 2.1e-24
195.277 2.07e-24
195.31 2.04e-24
195.343 2.02e-24
195.377 1.99e-24
195.41 1.96e-24
195.444 1.93e-24
195.477 1.9e-24
195.51 1.88e-24
195.544 1.85e-24
195.577 1.83e-24
195.611 1.8e-24
195.644 1.78e-24
195.677 1.75e-24
195.711 1.73e-24
195.744 1.7e-24
195.778 1.68e-24
195.811 1.65e-24
195.844 1.63e-24
195.878 1.61e-24
195.911 1.59e-24
195.945 1.56e-24
195.978 1.54e-24
196.011 1.52e-24
196.045 1.5e-24
196.078 1.48e-24
196.112 1.46e-24
196.145 1.44e-24
196.178 1.42e-24
196.212 1.4e-24
196.245 1.38e-24
196.279 1.36e-24
196.312 1.34e-24
196.345 1.32e-24
196.379 1.3e-24
196.412 1.28e-24
196.446 1.27e-24
196.479 1.25e-24
196.512 1.23e-24
196.546 1.21e-24
196.579 1.2e-24
196.613 1.18e-24
196.646 1.16e-24
196.679 1.15e-24
196.713 1.13e-24
196.746 1.11e-24
196.78 1.1e-24
196.813 1.08e-24
196.846 1.07e-24
196.88 1.05e-24
196.913 1.04e-24
196.947 1.02e-24
196.98 1.01e-24
197.013 9.96e-25
197.047 9.82e-25
197.08 9.68e-25
197.114 9.54e-25
197.147 9.41e-25
197.18 9.28e-25
197.214 9.15e-25
197.247 9.02e-25
197.281 8.89e-25
197.314 8.77e-25
197.347 8.65e-25
197.381 8.52e-25
197.414 8.41e-25
197.448 8.29e-25
197.481 8.17e-25
197.514 8.06e-25
197.548 7.94e-25
197.581 7.83e-25
197.615 7.72e-25
197.648 7.62e-25
197.681 7.51e-25
197.715 7.4e-25
197.748 7.3e-25
197.782 7.2e-25
197.815 7.1e-25
197.848 7.0e-25
197.882 6.9e-25
197.915 6.8e-25
197.949 6.71e-25
197.982 6.61e-25
198.015 6.52e-25
198.049 6.43e-25
198.082 6.34e-25
198.116 6.25e-25
198.149 6.16e-25
198.182 6.08e-25
198.216 5.99e-25
198.249 5.91e-25
198.283 5.82e-25
198.316 5.74e-25
198.349 5.66e-25
198.383 5.58e-25
198.416 5.51e-25
198.45 5.43e-25
198.483 5.35e-25
198.516 5.28e-25
198.55 5.2e-25
198.583 5.13e-25
198.617 5.06e-25
198.65 4.99e-25
198.683 4.92e-25
198.717 4.85e-25
198.75 4.78e-25
198.784 4.71e-25
198.817 4.65e-25
198.85 4.58e-25
198.884 4.52e-25
198.917 4.46e-25
198.951 4.39e-25
198.984 4.33e-25
199.017 4.27e-25
199.051 4.21e-25
199.084 4.15e-25
199.118 4.09e-25
199.151 4.04e-25
199.184 3.98e-25
199.218 3.92e-25
199.251 3.87e-25
199.285 3.81e-25
199.318 3.76e-25
199.351 3.71e-25
199.385 3.66e-25
199.418 3.61e-25
199.452 3.56e-25
199.485 3.51e-25
199.518 3.46e-25
199.552 3.41e-25
199.585 3.36e-25
199.619 3.31e-25
199.652 3.27e-25
199.685 3.22e-25
199.719 3.18e-25
199.752 3.13e-25
199.786 3.09e-25
199.819 3.04e-25
199.852 3.0e-25
199.886 2.96e-25
199.919 2.92e-25
199.953 2.88e-25
199.986 2.84e-25
200.019 2.8e-25
200.053 2.76e-25
200.086 2.72e-25
200.12 2.68e-25
200.153 2.64e-25
200.186 2.6e-25
200.22 2.56e-25
200.253 2.52e-25
200.287 2.49e-25
200.32 2.45e-25
200.353 2.42e-25
200.387 2.38e-25
200.42 2.35e-25
200.454 2.31e-25
200.487 2.28e-25
200.52 2.24e-25
200.554 2.21e-25
200.587 2.18e-25
200.621 2.15e-25
200.654 2.12e-25
200.687 2.09e-25
200.721 2.06e-25
200.754 2.03e-25
200.788 2.0e-25
200.821 1.97e-25
200.854 1.94e-25
200.888 1.91e-25
200.921 1.88e-25
200.955 1.86e-25
200.988 1.83e-25
201.021 1.8e-25
201.055 1.78e-25
201.088 1.75e-25
201.122 1.72e-25
201.155 1.7e-25
201.188 1.67e-25
201.222 1.65e-25
201.255 1.63e-25
201.289 1.6e-25
201.322 1.58e-25
201.355 1.56e-25
201.389 1.53e-25
201.422 1.51e-25
201.456 1.49e-25
201.489 1.47e-25
201.522 1.45e-25
201.556 1.43e-25
201.589 1.41e-25
201.623 1.38e-25
201.656 1.36e-25
201.689 1.34e-25
201.723 1.33e-25
201.756 1.31e-25
201.79 1.29e-25
201.823 1.27e-25
201.856 1.25e-25
201.89 1.23e-25
201.923 1.21e-25
201.957 1.2e-25
201.99 1.18e-25
202.023 1.16e-25
202.057 1.14e-25
202.09 1.13e-25
202.124 1.11e-25
202.157 1.1e-25
202.19 1.08e-25
202.224 1.06e-25
202.257 1.05e-25
202.291 1.03e-25
202.324 1.02e-25
202.357 1.0e-25
202.391 9.89e-26
202.424 9.74e-26
202.458 9.6e-26
202.491 9.46e-26
202.524 9.33e-26
202.558 9.19e-26
202.591 9.06e-26
202.625 8.92e-26
202.658 8.79e-26
202.691 8.67e-26
202.725 8.54e-26
202.758 8.42e-26
202.792 8.29e-26
202.825 8.17e-26
202.858 8.05e-26
202.892 7.94e-26
202.925 7.82e-26
202.959 7.71e-26
202.992 7.6e-26
203.025 7.49e-26
203.059 7.38e-26
203.092 7.27e-26
203.126 7.16e-26
203.159 7.06e-26
203.192 6.96e-26
203.226 6.86e-26
203.259 6.76e-26
203.293 6.66e-26
203.326 6.56e-26
203.359 6.47e-26
203.393 6.37e-26
203.426 6.28e-26
203.46 6.19e-26
203.493 6.1e-26
203.526 6.01e-26
203.56 5.92e-26
203.593 5.84e-26
203.627 5.75e-26
203.66 5.67e-26
203.693 5.59e-26
203.727 5.5e-26
203.76 5.42e-26
203.794 5.35e-26
203.827 5.27e-26
203.86 5.19e-26
203.894 5.12e-26
203.927 5.04e-26
203.961 4.97e-26
203.994 4.9e-26
204.027 4.83e-26
204.061 4.75e-26
204.094 4.69e-26
204.128 4.62e-26
204.161 4.55e-26
204.194 4.48e-26
204.228 4.42e-26
204.261 4.35e-26
204.295 4.29e-26
204.328 4.23e-26
204.361 4.17e-26
204.395 4.11e-26
204.428 4.05e-26
204.462 3.99e-26
204.495 3.93e-26
204.528 3.87e-26
204.562 3.82e-26
204.595 3.76e-26
204.629 3.71e-26
204.662 3.65e-26
204.695 3.6e-26
204.729 3.55e-26
204.762 3.5e-26
204.796 3.45e-26
204.829 3.4e-26
204.862 3.35e-26
204.896 3.3e-26
204.929 3.25e-26
204.963 3.2e-26
204.996 3.16e-26
205.029 3.11e-26
205.063 3.06e-26
205.096 3.01e-26
205.13 2.97e-26
205.163 2.92e-26
205.196 2.88e-26
205.23 2.84e-26
205.263 2.79e-26
205.297 2.75e-26
205.33 2.71e-26
205.363 2.67e-26
205.397 2.63e-26
205.43 2.59e-26
205.464 2.55e-26
205.497 2.51e-26
205.53 2.47e-26
205.564 2.44e-26
205.597 2.4e-26
205.631 2.36e-26
205.664 2.33e-26
205.697 2.29e-26
205.731 2.26e-26
205.764 2.22e-26
205.798 2.19e-26
205.831 2.16e-26
205.864 2.12e-26
205.898 2.09e-26
205.931 2.06e-26
205.965 2.03e-26
205.998 2.0e-26
206.031 1.97e-26
206.065 1.94e-26
206.098 1.91e-26
206.132 1.88e-26
206.165 1.85e-26
206.198 1.82e-26
206.232 1.8e-26
206.265 1.77e-26
206.299 1.74e-26
206.332 1.72e-26
206.365 1.69e-26
206.399 1.66e-26
206.432 1.64e-26
206.466 1.61e-26
206.499 1.59e-26
206.532 1.57e-26
206.566 1.54e-26
206.599 1.52e-26
206.633 1.5e-26
206.666 1.47e-26
206.699 1.45e-26
206.733 1.43e-26
206.766 1.41e-26
206.8 1.39e-26
206.833 1.37e-26
206.866 1.34e-26
206.9 1.32e-26
206.933 1.3e-26
206.967 1.28e-26
207.0 1.27e-26
207.033 1.25e-26
207.067 1.23e-26
207.1 1.21e-26
207.134 1.19e-26
207.167 1.17e-26
207.2 1.15e-26
207.234 1.14e-26
207.267 1.12e-26
207.301 1.1e-26
207.334 1.09e-26
207.367 1.07e-26
207.401 1.05e-26
207.434 1.04e-26
207.468 1.02e-26
207.501 1.01e-26
207.534 9.91e-27
207.568 9.77e-27
207.601 9.62e-27
207.635 9.47e-27
207.668 9.33e-27
207.701 9.19e-27
207.735 9.05e-27
207.768 8.91e-27
207.802 8.78e-27
207.835 8.64e-27
207.868 8.51e-27
207.902 8.39e-27
207.935 8.26e-27
207.969 8.13e-27
208.002 8.01e-27
208.035 7.89e-27
208.069 7.77e-27
208.102 7.65e-27
208.136 7.54e-27
208.169 7.42e-27
208.202 7.31e-27
208.236 7.2e-27
208.269 7.09e-27
208.303 6.98e-27
208.336 6.88e-27
208.369 6.77e-27
208.403 6.67e-27
208.436 6.57e-27
208.47 6.47e-27
208.503 6.37e-27
208.536 6.28e-27
208.57 6.18e-27
208.603 6.09e-27
208.637 6.0e-27
208.67 5.91e-27
208.703 5.82e-27
208.737 5.73e-27
208.77 5.64e-27
208.804 5.56e-27
208.837 5.47e-27
208.87 5.39e-27
208.904 5.31e-27
208.937 5.23e-27
208.971 5.15e-27
209.004 5.07e-27
209.037 5.0e-27
209.071 4.92e-27
209.104 4.85e-27
209.138 4.77e-27
209.171 4.7e-27
209.204 4.63e-27
209.238 4.56e-27
209.271 4.49e-27
209.305 4.42e-27
209.338 4.36e-27
209.371 4.29e-27
209.405 4.22e-27
209.438 4.16e-27
209.472 4.1e-27
209.505 4.04e-27
209.538 3.97e-27
209.572 3.91e-27
209.605 3.86e-27
209.639 3.8e-27
209.672 3.74e-27
209.705 3.68e-27
209.739 3.63e-27
209.772 3.57e-27
209.806 3.52e-27
209.839 3.47e-27
209.872 3.41e-27
209.906 3.36e-27
209.939 3.31e-27
209.973 3.26e-27
210.006 3.21e-27
210.039 3.16e-27
210.073 3.11e-27
210.106 3.06e-27
210.14 3.01e-27
210.173 2.97e-27
210.206 2.92e-27
210.24 2.87e-27
210.273 2.83e-27
210.307 2.79e-27
210.34 2.74e-27
210.373 2.7e-27
210.407 2.66e-27
210.44 2.61e-27
210.474 2.57e-27
210.507 2.53e-27
210.54 2.49e-27
210.574 2.45e-27
210.607 2.42e-27
210.641 2.38e-27
210.674 2.34e-27
210.707 2.3e-27
210.741 2.27e-27
210.774 2.23e-27
210.808 2.2e-27
210.841 2.16e-27
210.874 2.13e-27
210.908 2.1e-27
210.941 2.06e-27
210.975 2.03e-27
211.008 2.0e-27
211.041 1.97e-27
211.075 1.94e-27
211.108 1.91e-27
211.142 1.88e-27
211.175 1.85e-27
211.208 1.82e-27
211.242 1.79e-27
211.275 1.76e-27
211.309 1.73e-27
211.342 1.71e-27
211.375 1.68e-27
211.409 1.65e-27
211.442 1.63e-27
211.476 1.6e-27
211.509 1.58e-27
211.542 1.55e-27
211.576 1.53e-27
211.609 1.5e-27
211.643 1.48e-27
211.676 1.46e-27
211.709 1.43e-27
211.743 1.41e-27
211.776 1.39e-27
211.81 1.37e-27
211.843 1.35e-27
211.876 1.32e-27
211.91 1.3e-27
211.943 1.28e-27
211.977 1.26e-27
212.01 1.24e-27
212.043 1.22e-27
212.077 1.2e-27
212.11 1.19e-27
212.144 1.17e-27
212.177 1.15e-27
212.21 1.13e-27
212.244 1.11e-27
212.277 1.1e-27
212.311 1.08e-27
212.344 1.06e-27
212.377 1.05e-27
212.411 1.03e-27
212.444 1.01e-27
212.478 9.97e-28
212.511 9.81e-28
212.544 9.66e-28
212.578 9.51e-28
212.611 9.36e-28
212.645 9.21e-28
212.678 9.06e-28
212.711 8.92e-28
212.745 8.78e-28
212.778 8.64e-28
212.812 8.51e-28
212.845 8.38e-28
212.878 8.24e-28
212.912 8.12e-28
212.945 7.99e-28
212.979 7.86e-28
213.012 7.74e-28
213.045 7.62e-28
213.079 7.5e-28
213.112 7.38e-28
213.146 7.27e-28
213.179 7.15e-28
213.212 7.04e-28
213.246 6.93e-28
213.279 6.82e-28
213.313 6.71e-28
213.346 6.61e-28
213.379 6.5e-28
213.413 6.4e-28
213.446 6.3e-28
213.48 6.2e-28
213.513 6.11e-28
213.546 6.01e-28
213.58 5.92e-28
213.613 5.82e-28
213.647 5.73e-28
213.68 5.64e-28
213.713 5.55e-28
213.747 5.47e-28
213.78 5.38e-28
213.814 5.3e-28
213.847 5.21e-28
213.88 5.13e-28
213.914 5.05e-28
213.947 4.97e-28
213.981 4.89e-28
214.014 4.82e-28
214.047 4.74e-28
214.081 4.67e-28
214.114 4.59e-28
214.148 4.52e-28
214.181 4.45e-28
214.214 4.38e-28
214.248 4.31e-28
214.281 4.24e-28
214.315 4.18e-28
214.348 4.11e-28
214.381 4.05e-28
214.415 3.98e-28
214.448 3.92e-28
214.482 3.86e-28
214.515 3.8e-28
214.548 3.74e-28
214.582 3.68e-28
214.615 3.62e-28
214.649 3.57e-28
214.682 3.51e-28
214.715 3.46e-28
214.749 3.4e-28
214.782 3.35e-28
214.816 3.3e-28
214.849 3.24e-28
214.882 3.19e-28
214.916 3.14e-28
214.949 3.09e-28
214.983 3.05e-28
215.016 3.0e-28
215.049 2.95e-28
215.083 2.9e-28
215.116 2.85e-28
215.15 2.81e-28
215.183 2.76e-28
215.216 2.72e-28
215.25 2.67e-28
215.283 2.63e-28
215.317 2.58e-28
215.35 2.54e-28
215.383 2.5e-28
215.417 2.46e-28
215.45 2.42e-28
215.484 2.38e-28
215.517 2.34e-28
215.55 2.3e-28
215.584 2.27e-28
215.617 2.23e-28
215.651 2.19e-28
215.684 2.16e-28
215.717 2.12e-28
215.751 2.09e-28
215.784 2.05e-28
215.818 2.02e-28
215.851 1.99e-28
215.884 1.95e-28
215.918 1.92e-28
215.951 1.89e-28
215.985 1.86e-28
216.018 1.83e-28
216.051 1.8e-28
216.085 1.77e-28
216.118 1.74e-28
216.152 1.71e-28
216.185 1.69e-28
216.218 1.66e-28
216.252 1.63e-28
216.285 1.6e-28
216.319 1.58e-28
216.352 1.55e-28
216.385 1.53e-28
216.419 1.5e-28
216.452 1.48e-28
216.486 1.45e-28
216.519 1.43e-28
216.552 1.41e-28
216.586 1.38e-28
216.619 1.36e-28
216.653 1.34e-28
216.686 1.32e-28
216.719 1.3e-28
216.753 1.27e-28
216.786 1.25e-28
216.82 1.23e-28
216.853 1.21e-28
216.886 1.19e-28
216.92 1.17e-28
216.953 1.16e-28
216.987 1.14e-28
217.02 1.12e-28
217.053 1.1e-28
217.087 1.08e-28
217.12 1.06e-28
217.154 1.05e-28
217.187 1.03e-28
217.22 1.01e-28
217.254 9.96e-29
217.287 9.8e-29
217.321 9.64e-29
217.354 9.48e-29
217.387 9.33e-29
217.421 9.18e-29
217.454 9.03e-29
217.488 8.88e-29
217.521 8.74e-29
217.554 8.59e-29
217.588 8.45e-29
217.621 8.32e-29
217.655 8.18e-29
217.688 8.05e-29
217.721 7.92e-29
217.755 7.79e-29
217.788 7.66e-29
217.822 7.54e-29
217.855 7.41e-29
217.888 7.29e-29
217.922 7.17e-29
217.955 7.06e-29
217.989 6.94e-29
218.022 6.83e-29
218.055 6.72e-29
218.089 6.61e-29
218.122 6.5e-29
218.156 6.39e-29
218.189 6.29e-29
218.222 6.19e-29
218.256 6.09e-29
218.289 5.99e-29
218.323 5.89e-29
218.356 5.79e-29
218.389 5.7e-29
218.423 5.61e-29
218.456 5.51e-29
218.49 5.42e-29
218.523 5.34e-29
218.556 5.25e-29
218.59 5.16e-29
218.623 5.08e-29
218.657 5.0e-29
218.69 4.92e-29
218.723 4.84e-29
218.757 4.76e-29
218.79 4.68e-29
218.824 4.6e-29
218.857 4.53e-29
218.89 4.45e-29
218.924 4.38e-29
218.957 4.31e-29
218.991 4.24e-29
219.024 4.17e-29
219.057 4.1e-29
219.091 4.04e-29
219.124 3.97e-29
219.158 3.91e-29
219.191 3.84e-29
219.224 3.78e-29
219.258 3.72e-29
219.291 3.66e-29
219.325 3.6e-29
219.358 3.54e-29
219.391 3.48e-29
219.425 3.42e-29
219.458 3.37e-29
219.492 3.31e-29
219.525 3.26e-29
219.558 3.21e-29
219.592 3.15e-29
219.625 3.1e-29
219.659 3.05e-29
219.692 3.0e-29
219.725 2.95e-29
219.759 2.91e-29
219.792 2.86e-29
219.826 2.81e-29
219.859 2.77e-29
219.892 2.72e-29
219.926 2.68e-29
219.959 2.63e-29
219.993 2.59e-29
220.026 2.55e-29
220.059 2.5e-29
220.093 2.46e-29
220.126 2.42e-29
220.16 2.38e-29
220.193 2.34e-29
220.226 2.3e-29
220.26 2.26e-29
220.293 2.22e-29
220.327 2.18e-29
220.36 2.15e-29
220.393 2.11e-29
220.427 2.08e-29
220.46 2.04e-29
220.494 2.01e-29
220.527 1.97e-29
220.56 1.94e-29
220.594 1.91e-29
220.627 1.87e-29
220.661 1.84e-29
220.694 1.81e-29
220.727 1.78e-29
220.761 1.75e-29
220.794 1.72e-29
220.828 1.69e-29
220.861 1.66e-29
220.894 1.63e-29
220.928 1.61e-29
220.961 1.58e-29
220.995 1.55e-29
221.028 1.53e-29
221.061 1.5e-29
221.095 1.48e-29
221.128 1.45e-29
221.162 1.43e-29
221.195 1.4e-29
221.228 1.38e-29
221.262 1.35e-29
221.295 1.33e-29
221.329 1.31e-29
221.362 1.29e-29
221.395 1.27e-29
221.429 1.24e-29
221.462 1.22e-29
221.496 1.2e-29
221.529 1.18e-29
221.562 1.16e-29
221.596 1.14e-29
221.629 1.12e-29
221.663 1.1e-29
221.696 1.09e-29
221.729 1.07e-29
221.763 1.05e-29
221.796 1.03e-29
221.83 1.01e-29
221.863 9.97e-30
221.896 9.8e-30
221.93 9.63e-30
221.963 9.47e-30
221.997 9.31e-30
222.03 9.15e-30
222.063 9.0e-30
222.097 8.85e-30
222.13 8.7e-30
222.164 8.55e-30
222.197 8.41e-30
222.23 8.26e-30
222.264 8.12e-30
222.297 7.99e-30
222.331 7.85e-30
222.364 7.72e-30
222.397 7.59e-30
222.431 7.46e-30
222.464 7.33e-30
222.498 7.21e-30
222.531 7.09e-30
222.564 6.97e-30
222.598 6.85e-30
222.631 6.74e-30
222.665 6.62e-30
222.698 6.51e-30
222.731 6.4e-30
222.765 6.29e-30
222.798 6.18e-30
222.832 6.08e-30
222.865 5.98e-30
222.898 5.88e-30
222.932 5.78e-30
222.965 5.68e-30
222.999 5.58e-30
223.032 5.49e-30
223.065 5.4e-30
223.099 5.3e-30
223.132 5.22e-30
223.166 5.13e-30
223.199 5.04e-30
223.232 4.96e-30
223.266 4.87e-30
223.299 4.79e-30
223.333 4.71e-30
223.366 4.63e-30
223.399 4.55e-30
223.433 4.47e-30
223.466 4.4e-30
223.5 4.32e-30
223.533 4.25e-30
223.566 4.18e-30
223.6 4.11e-30
223.633 4.04e-30
223.667 3.97e-30
223.7 3.9e-30
223.733 3.84e-30
223.767 3.77e-30
223.8 3.71e-30
223.834 3.65e-30
223.867 3.58e-30
223.9 3.52e-30
223.934 3.46e-30
223.967 3.41e-30
224.001 3.35e-30
224.034 3.29e-30
224.067 3.24e-30
224.101 3.18e-30
224.134 3.13e-30
224.168 3.07e-30
224.201 3.02e-30
224.234 2.97e-30
224.268 2.92e-30
224.301 2.87e-30
224.335 2.82e-30
224.368 2.78e-30
224.401 2.73e-30
224.435 2.68e-30
224.468 2.64e-30
224.502 2.59e-30
224.535 2.55e-30
224.568 2.51e-30
224.602 2.46e-30
224.635 2.42e-30
224.669 2.38e-30
224.702 2.34e-30
224.735 2.3e-30
224.769 2.26e-30
224.802 2.22e-30
224.836 2.19e-30
224.869 2.15e-30
224.902 2.11e-30
224.936 2.08e-30
224.969 2.04e-30
225.003 2.01e-30
225.036 1.97e-30
225.069 1.94e-30
225.103 1.9e-30
225.136 1.87e-30
225.17 1.84e-30
225.203 1.8e-30
225.236 1.77e-30
225.27 1.74e-30
225.303 1.71e-30
225.337 1.68e-30
225.37 1.65e-30
225.403 1.62e-30
225.437 1.59e-30
225.47 1.57e-30
225.504 1.54e-30
225.537 1.51e-30
225.57 1.48e-30
225.604 1.46e-30
225.637 1.43e-30
225.671 1.41e-30
225.704 1.38e-30
225.737 1.36e-30
225.771 1.33e-30
225.804 1.31e-30
225.838 1.29e-30
225.871 1.27e-30
225.904 1.24e-30
225.938 1.22e-30
225.971 1.2e-30
226.005 1.18e-30
226.038 1.16e-30
226.071 1.14e-30
226.105 1.12e-30
226.138 1.1e-30
226.172 1.08e-30
226.205 1.06e-30
226.238 1.04e-30
226.272 1.02e-30
226.305 1.0e-30
226.339 9.87e-31
226.372 9.7e-31
226.405 9.52e-31
226.439 9.36e-31
226.472 9.19e-31
226.506 9.03e-31
226.539 8.87e-31
226.572 8.72e-31
226.606 8.56e-31
226.639 8.41e-31
226.673 8.26e-31
226.706 8.12e-31
226.739 7.98e-31
226.773 7.84e-31
226.806 7.7e-31
226.84 7.56e-31
226.873 7.43e-31
226.906 7.3e-31
226.94 7.17e-31
226.973 7.04e-31
227.007 6.92e-31
227.04 6.8e-31
227.073 6.68e-31
227.107 6.56e-31
227.14 6.45e-31
227.174 6.33e-31
227.207 6.22e-31
227.24 6.11e-31
227.274 6.0e-31
227.307 5.9e-31
227.341 5.79e-31
227.374 5.69e-31
227.407 5.59e-31
227.441 5.49e-31
227.474 5.4e-31
227.508 5.3e-31
227.541 5.21e-31
227.574 5.12e-31
227.608 5.03e-31
227.641 4.94e-31
227.675 4.85e-31
227.708 4.77e-31
227.741 4.68e-31
227.775 4.6e-31
227.808 4.52e-31
227.842 4.44e-31
227.875 4.36e-31
227.908 4.29e-31
227.942 4.21e-31
227.975 4.14e-31
228.009 4.06e-31
228.042 3.99e-31
228.075 3.92e-31
228.109 3.85e-31
228.142 3.78e-31
228.176 3.72e-31
228.209 3.65e-31
228.242 3.59e-31
228.276 3.53e-31
228.309 3.46e-31
228.343 3.4e-31
228.376 3.34e-31
228.409 3.28e-31
228.443 3.23e-31
228.476 3.17e-31
228.51 3.11e-31
228.543 3.06e-31
228.576 3.0e-31
228.61 2.95e-31
228.643 2.9e-31
228.677 2.85e-31
228.71 2.8e-31
228.743 2.75e-31
228.777 2.7e-31
228.81 2.65e-31
228.844 2.61e-31
228.877 2.56e-31
228.91 2.52e-31
228.944 2.47e-31
228.977 2.43e-31
229.011 2.39e-31
229.044 2.34e-31
229.077 2.3e-31
229.111 2.26e-31
229.144 2.22e-31
229.178 2.18e-31
229.211 2.14e-31
229.244 2.11e-31
229.278 2.07e-31
229.311 2.03e-31
229.345 2.0e-31
229.378 1.96e-31
229.411 1.93e-31
229.445 1.89e-31
229.478 1.86e-31
229.512 1.83e-31
229.545 1.8e-31
229.578 1.76e-31
229.612 1.73e-31
229.645 1.7e-31
229.679 1.67e-31
229.712 1.64e-31
229.745 1.61e-31
229.779 1.59e-31
229.812 1.56e-31
229.846 1.53e-31
229.879 1.5e-31
229.912 1.48e-31
229.946 1.45e-31
229.979 1.43e-31
230.013 1.4e-31
230.046 1.37e-31
230.079 1.35e-31
230.113 1.33e-31
230.146 1.3e-31
230.18 1.28e-31
230.213 1.25e-31
230.246 1.23e-31
230.28 1.21e-31
230.313 1.19e-31
230.347 1.17e-31
230.38 1.14e-31
230.413 1.12e-31
230.447 1.1e-31
230.48 1.08e-31
230.514 1.06e-31
230.547 1.04e-31
230.58 1.02e-31
230.614 1.01e-31
230.647 9.87e-32
230.681 9.69e-32
230.714 9.52e-32
230.747 9.34e-32
230.781 9.17e-32
230.814 9.01e-32
230.848 8.84e-32
230.881 8.68e-32
230.914 8.52e-32
230.948 8.37e-32
230.981 8.21e-32
231.015 8.06e-32
231.048 7.92e-32
231.081 7.77e-32
231.115 7.63e-32
231.148 7.49e-32
231.182 7.36e-32
231.215 7.22e-32
231.248 7.09e-32
231.282 6.96e-32
231.315 6.83e-32
231.349 6.71e-32
231.382 6.59e-32
231.415 6.47e-32
231.449 6.35e-32
231.482 6.23e-32
231.516 6.12e-32
231.549 6.01e-32
231.582 5.9e-32
231.616 5.79e-32
231.649 5.69e-32
231.683 5.58e-32
231.716 5.48e-32
231.749 5.38e-32
231.783 5.28e-32
231.816 5.19e-32
231.85 5.09e-32
231.883 5.0e-32
231.916 4.91e-32
231.95 4.82e-32
231.983 4.73e-32
232.017 4.64e-32
232.05 4.56e-32
232.083 4.48e-32
232.117 4.39e-32
232.15 4.31e-32
232.184 4.24e-32
232.217 4.16e-32
232.25 4.08e-32
232.284 4.01e-32
232.317 3.94e-32
232.351 3.86e-32
232.384 3.79e-32
232.417 3.72e-32
232.451 3.66e-32
232.484 3.59e-32
232.518 3.52e-32
232.551 3.46e-32
232.584 3.4e-32
232.618 3.33e-32
232.651 3.27e-32
232.685 3.21e-32
232.718 3.16e-32
232.751 3.1e-32
232.785 3.04e-32
232.818 2.99e-32
232.852 2.93e-32
232.885 2.88e-32
232.918 2.83e-32
232.952 2.77e-32
232.985 2.72e-32
233.019 2.67e-32
233.052 2.63e-32
233.085 2.58e-32
233.119 2.53e-32
233.152 2.48e-32
233.186 2.44e-32
233.219 2.39e-32
233.252 2.35e-32
233.286 2.31e-32
233.319 2.27e-32
233.353 2.23e-32
233.386 2.18e-32
233.419 2.14e-32
233.453 2.11e-32
233.486 2.07e-32
233.52 2.03e-32
233.553 1.99e-32
233.586 1.96e-32
233.62 1.92e-32
233.653 1.89e-32
233.687 1.85e-32
233.72 1.82e-32
233.753 1.78e-32
233.787 1.75e-32
233.82 1.72e-32
233.854 1.69e-32
233.887 1.66e-32
233.92 1.63e-32
233.954 1.6e-32
233.987 1.57e-32
234.021 1.54e-32
234.054 1.51e-32
234.087 1.48e-32
234.121 1.46e-32
234.154 1.43e-32
234.188 1.4e-32
234.221 1.38e-32
234.254 1.35e-32
234.288 1.33e-32
234.321 1.31e-32
234.355 1.28e-32
234.388 1.26e-32
234.421 1.24e-32
234.455 1.21e-32
234.488 1.19e-32
234.522 1.17e-32
234.555 1.15e-32
234.588 1.13e-32
234.622 1.11e-32
234.655 1.09e-32
234.689 1.07e-32
234.722 1.05e-32
234.755 1.03e-32
234.789 1.01e-32
234.822 9.9e-33
234.856 9.72e-33
234.889 9.55e-33
234.922 9.37e-33
234.956 9.2e-33
234.989 9.03e-33
235.023 8.86e-33
235.056 8.7e-33
235.089 8.53e-33
235.123 8.37e-33
235.156 8.21e-33
235.19 8.06e-33
235.223 7.9e-33
235.256 7.75e-33
235.29 7.61e-33
235.323 7.46e-33
235.357 7.32e-33
235.39 7.18e-33
235.423 7.05e-33
235.457 6.91e-33
235.49 6.78e-33
235.524 6.65e-33
235.557 6.53e-33
235.59 6.4e-33
235.624 6.28e-33
235.657 6.16e-33
235.691 6.05e-33
235.724 5.93e-33
235.757 5.82e-33
235.791 5.71e-33
235.824 5.6e-33
235.858 5.49e-33
235.891 5.39e-33
235.924 5.29e-33
235.958 5.19e-33
235.991 5.09e-33
236.025 4.99e-33
236.058 4.9e-33
236.091 4.81e-33
236.125 4.71e-33
236.158 4.63e-33
236.192 4.54e-33
236.225 4.45e-33
236.258 4.37e-33
236.292 4.28e-33
236.325 4.2e-33
236.359 4.12e-33
236.392 4.05e-33
236.425 3.97e-33
236.459 3.89e-33
236.492 3.82e-33
236.526 3.75e-33
236.559 3.68e-33
236.592 3.61e-33
236.626 3.54e-33
236.659 3.47e-33
236.693 3.41e-33
236.726 3.34e-33
236.759 3.28e-33
236.793 3.22e-33
236.826 3.15e-33
236.86 3.09e-33
236.893 3.04e-33
236.926 2.98e-33
236.96 2.92e-33
236.993 2.87e-33
237.027 2.81e-33
237.06 2.76e-33
237.093 2.71e-33
237.127 2.66e-33
237.16 2.61e-33
237.194 2.56e-33
237.227 2.51e-33
237.26 2.46e-33
237.294 2.41e-33
237.327 2.37e-33
237.361 2.32e-33
237.394 2.28e-33
237.427 2.24e-33
237.461 2.19e-33
237.494 2.15e-33
237.528 2.11e-33
237.561 2.07e-33
237.594 2.03e-33
237.628 1.99e-33
237.661 1.96e-33
237.695 1.92e-33
237.728 1.88e-33
237.761 1.85e-33
237.795 1.81e-33
237.828 1.78e-33
237.862 1.74e-33
237.895 1.71e-33
237.928 1.68e-33
237.962 1.65e-33
237.995 1.61e-33
238.029 1.58e-33
238.062 1.55e-33
238.095 1.52e-33
238.129 1.5e-33
238.162 1.47e-33
238.196 1.44e-33
238.229 1.41e-33
238.262 1.39e-33
238.296 1.36e-33
238.329 1.33e-33
238.363 1.31e-33
238.396 1.28e-33
238.429 1.26e-33
238.463 1.24e-33
238.496 1.21e-33
238.53 1.19e-33
238.563 1.17e-33
238.596 1.14e-33
238.63 1.12e-33
238.663 1.1e-33
238.697 1.08e-33
238.73 1.06e-33
238.763 1.04e-33
238.797 1.02e-33
238.83 1.0e-33
238.864 9.82e-34
238.897 9.63e-34
238.93 9.45e-34
238.964 9.27e-34
238.997 9.09e-34
239.031 8.92e-34
239.064 8.75e-34
239.097 8.59e-34
239.131 8.42e-34
239.164 8.27e-34
239.198 8.11e-34
239.231 7.95e-34
239.264 7.8e-34
239.298 7.66e-34
239.331 7.51e-34
239.365 7.37e-34
239.398 7.23e-34
239.431 7.09e-34
239.465 6.96e-34
239.498 6.83e-34
239.532 6.7e-34
239.565 6.57e-34
239.598 6.44e-34
239.632 6.32e-34
239.665 6.2e-34
239.699 6.09e-34
239.732 5.97e-34
239.765 5.86e-34
239.799 5.75e-34
239.832 5.64e-34
239.866 5.53e-34
239.899 5.43e-34
239.932 5.32e-34
239.966 5.22e-34
239.999 5.12e-34
240.033 5.02e-34
240.066 4.92e-34
240.099 4.83e-34
240.133 4.73e-34
240.166 4.64e-34
240.2 4.55e-34
240.233 4.46e-34
240.266 4.37e-34
240.3 4.28e-34
240.333 4.2e-34
240.367 4.12e-34
240.4 4.04e-34
240.433 3.96e-34
240.467 3.88e-34
240.5 3.8e-34
240.534 3.73e-34
240.567 3.66e-34
240.6 3.58e-34
240.634 3.51e-34
240.667 3.44e-34
240.701 3.38e-34
240.734 3.31e-34
240.767 3.24e-34
240.801 3.18e-34
240.834 3.12e-34
240.868 3.06e-34
240.901 3.0e-34
240.934 2.94e-34
240.968 2.88e-34
241.001 2.82e-34
241.035 2.77e-34
241.068 2.71e-34
241.101 2.66e-34
241.135 2.61e-34
241.168 2.56e-34
241.202 2.51e-34
241.235 2.46e-34
241.268 2.41e-34
241.302 2.36e-34
241.335 2.32e-34
241.369 2.27e-34
241.402 2.22e-34
241.435 2.18e-34
241.469 2.14e-34
241.502 2.1e-34
241.536 2.06e-34
241.569 2.01e-34
241.602 1.97e-34
241.636 1.94e-34
241.669 1.9e-34
241.703 1.86e-34
241.736 1.82e-34
241.769 1.79e-34
241.803 1.75e-34
241.836 1.72e-34
241.87 1.68e-34
241.903 1.65e-34
241.936 1.62e-34
241.97 1.59e-34
242.003 1.56e-34
242.037 1.53e-34
242.07 1.5e-34
242.103 1.47e-34
242.137 1.44e-34
242.17 1.41e-34
242.204 1.38e-34
242.237 1.35e-34
242.27 1.33e-34
242.304 1.3e-34
242.337 1.28e-34
242.371 1.25e-34
242.404 1.23e-34
242.437 1.2e-34
242.471 1.18e-34
242.504 1.16e-34
242.538 1.13e-34
242.571 1.11e-34
242.604 1.09e-34
242.638 1.07e-34
242.671 1.05e-34
242.705 1.03e-34
242.738 1.01e-34
242.771 9.86e-35
242.805 9.66e-35
242.838 9.47e-35
242.872 9.29e-35
242.905 9.1e-35
242.938 8.93e-35
242.972 8.75e-35
243.005 8.58e-35
243.039 8.41e-35
243.072 8.24e-35
243.105 8.08e-35
243.139 7.92e-35
243.172 7.77e-35
243.206 7.61e-35
243.239 7.46e-35
243.272 7.32e-35
243.306 7.17e-35
243.339 7.03e-35
243.373 6.89e-35
243.406 6.76e-35
243.439 6.63e-35
243.473 6.5e-35
243.506 6.37e-35
243.54 6.24e-35
243.573 6.12e-35
243.606 6.0e-35
243.64 5.88e-35
243.673 5.77e-35
243.707 5.65e-35
243.74 5.54e-35
243.773 5.43e-35
243.807 5.33e-35
243.84 5.22e-35
243.874 5.12e-35
243.907 5.02e-35
243.94 4.92e-35
243.974 4.82e-35
244.007 4.73e-35
244.041 4.63e-35
244.074 4.54e-35
244.107 4.45e-35
244.141 4.37e-35
244.174 4.28e-35
244.208 4.2e-35
244.241 4.11e-35
244.274 4.03e-35
244.308 3.95e-35
244.341 3.88e-35
244.375 3.8e-35
244.408 3.73e-35
244.441 3.65e-35
244.475 3.58e-35
244.508 3.51e-35
244.542 3.44e-35
244.575 3.37e-35
244.608 3.31e-35
244.642 3.24e-35
244.675 3.18e-35
244.709 3.12e-35
244.742 3.05e-35
244.775 2.99e-35
244.809 2.94e-35
244.842 2.88e-35
244.876 2.82e-35
244.909 2.77e-35
244.942 2.71e-35
244.976 2.66e-35
245.009 2.61e-35
245.043 2.55e-35
245.076 2.5e-35
245.109 2.45e-35
245.143 2.4e-35
245.176 2.35e-35
245.21 2.3e-35
245.243 2.25e-35
245.276 2.21e-35
245.31 2.16e-35
245.343 2.12e-35
245.377 2.08e-35
245.41 2.03e-35
245.443 1.99e-35
245.477 1.95e-35
245.51 1.91e-35
245.544 1.87e-35
245.577 1.83e-35
245.61 1.8e-35
245.644 1.76e-35
245.677 1.72e-35
245.711 1.69e-35
245.744 1.65e-35
245.777 1.62e-35
245.811 1.59e-35
245.844 1.55e-35
245.878 1.52e-35
245.911 1.49e-35
245.944 1.46e-35
245.978 1.43e-35
246.011 1.4e-35
246.045 1.37e-35
246.078 1.35e-35
246.111 1.32e-35
246.145 1.29e-35
246.178 1.26e-35
246.212 1.24e-35
246.245 1.21e-35
246.278 1.19e-35
246.312 1.16e-35
246.345 1.14e-35
246.379 1.12e-35
246.412 1.09e-35
246.445 1.07e-35
246.479 1.05e-35
246.512 1.03e-35
246.546 1.01e-35
246.579 9.87e-36
246.612 9.67e-36
246.646 9.47e-36
246.679 9.28e-36
246.713 9.09e-36
246.746 8.9e-36
246.779 8.72e-36
246.813 8.54e-36
246.846 8.37e-36
246.88 8.2e-36
246.913 8.03e-36
246.946 7.86e-36
246.98 7.7e-36
247.013 7.55e-36
247.047 7.39e-36
247.08 7.24e-36
247.113 7.09e-36
247.147 6.95e-36
247.18 6.81e-36
247.214 6.67e-36
247.247 6.53e-36
247.28 6.4e-36
247.314 6.27e-36
247.347 6.14e-36
247.381 6.01e-36
247.414 5.89e-36
247.447 5.77e-36
247.481 5.65e-36
247.514 5.54e-36
247.548 5.42e-36
247.581 5.31e-36
247.614 5.2e-36
247.648 5.1e-36
247.681 4.99e-36
247.715 4.89e-36
247.748 4.79e-36
247.781 4.69e-36
247.815 4.6e-36
247.848 4.5e-36
247.882 4.41e-36
247.915 4.32e-36
247.948 4.23e-36
247.982 4.15e-36
248.015 4.06e-36
248.049 3.98e-36
248.082 3.9e-36
248.115 3.82e-36
248.149 3.74e-36
248.182 3.66e-36
248.216 3.59e-36
248.249 3.51e-36
248.282 3.44e-36
248.316 3.37e-36
248.349 3.3e-36
248.383 3.24e-36
248.416 3.17e-36
248.449 3.1e-36
248.483 3.04e-36
248.516 2.98e-36
248.55 2.92e-36
248.583 2.86e-36
248.616 2.8e-36
248.65 2.74e-36
248.683 2.69e-36
248.717 2.63e-36
248.75 2.58e-36
248.783 2.53e-36
248.817 2.47e-36
248.85 2.42e-36
248.884 2.37e-36
248.917 2.32e-36
248.95 2.28e-36
248.984 2.23e-36
249.017 2.19e-36
249.051 2.14e-36
249.084 2.1e-36
249.117 2.05e-36
249.151 2.01e-36
249.184 1.97e-36
249.218 1.93e-36
249.251 1.89e-36
249.284 1.85e-36
249.318 1.81e-36
249.351 1.78e-36
249.385 1.74e-36
249.418 1.71e-36
249.451 1.67e-36
249.485 1.64e-36
249.518 1.6e-36
249.552 1.57e-36
249.585 1.54e-36
249.618 1.51e-36
249.652 1.48e-36
249.685 1.45e-36
249.719 1.42e-36
249.752 1.39e-36
249.785 1.36e-36
249.819 1.33e-36
249.852 1.3e-36
249.886 1.28e-36
249.919 1.25e-36
249.952 1.23e-36
249.986 1.2e-36
250.019 1.18e-36
250.053 1.15e-36
250.086 1.13e-36
250.119 1.1e-36
250.153 1.08e-36
250.186 1.06e-36
250.22 1.03e-36
250.253 1.01e-36
250.286 9.9e-37
250.32 9.69e-37
250.353 9.49e-37
250.387 9.28e-37
250.42 9.09e-37
250.453 8.89e-37
250.487 8.71e-37
250.52 8.52e-37
250.554 8.34e-37
250.587 8.16e-37
250.62 7.99e-37
250.654 7.82e-37
250.687 7.65e-37
250.721 7.49e-37
250.754 7.33e-37
250.787 7.18e-37
250.821 7.03e-37
250.854 6.88e-37
250.888 6.73e-37
250.921 6.59e-37
250.954 6.45e-37
250.988 6.31e-37
251.021 6.18e-37
251.055 6.05e-37
251.088 5.92e-37
251.121 5.79e-37
251.155 5.67e-37
251.188 5.55e-37
251.222 5.43e-37
251.255 5.32e-37
251.288 5.2e-37
251.322 5.09e-37
251.355 4.98e-37
251.389 4.88e-37
251.422 4.78e-37
251.455 4.67e-37
251.489 4.58e-37
251.522 4.48e-37
251.556 4.38e-37
251.589 4.29e-37
251.622 4.2e-37
251.656 4.11e-37
251.689 4.02e-37
251.723 3.94e-37
251.756 3.85e-37
251.789 3.77e-37
251.823 3.69e-37
251.856 3.61e-37
251.89 3.54e-37
251.923 3.46e-37
251.956 3.39e-37
251.99 3.32e-37
252.023 3.25e-37
252.057 3.18e-37
252.09 3.11e-37
252.123 3.04e-37
252.157 2.98e-37
252.19 2.92e-37
252.224 2.85e-37
252.257 2.79e-37
252.29 2.73e-37
252.324 2.68e-37
252.357 2.62e-37
252.391 2.56e-37
252.424 2.51e-37
252.457 2.46e-37
252.491 2.4e-37
252.524 2.35e-37
252.558 2.3e-37
252.591 2.25e-37
252.624 2.21e-37
252.658 2.16e-37
252.691 2.11e-37
252.725 2.07e-37
252.758 2.03e-37
252.791 1.98e-37
252.825 1.94e-37
252.858 1.9e-37
252.892 1.86e-37
252.925 1.82e-37
252.958 1.78e-37
252.992 1.74e-37
253.025 1.71e-37
253.059 1.67e-37
253.092 1.63e-37
253.125 1.6e-37
253.159 1.57e-37
253.192 1.53e-37
253.226 1.5e-37
253.259 1.47e-37
253.292 1.44e-37
253.326 1.41e-37
253.359 1.38e-37
253.393 1.35e-37
253.426 1.32e-37
253.459 1.29e-37
253.493 1.26e-37
253.526 1.24e-37
253.56 1.21e-37
253.593 1.18e-37
253.626 1.16e-37
253.66 1.14e-37
253.693 1.11e-37
253.727 1.09e-37
253.76 1.06e-37
253.793 1.04e-37
253.827 1.02e-37
253.86 9.98e-38
253.894 9.77e-38
253.927 9.56e-38
253.96 9.36e-38
253.994 9.16e-38
254.027 8.96e-38
254.061 8.77e-38
254.094 8.59e-38
254.127 8.41e-38
254.161 8.23e-38
254.194 8.05e-38
254.228 7.88e-38
254.261 7.72e-38
254.294 7.55e-38
254.328 7.39e-38
254.361 7.23e-38
254.395 7.08e-38
254.428 6.93e-38
254.461 6.78e-38
254.495 6.64e-38
254.528 6.5e-38
254.562 6.36e-38
254.595 6.23e-38
254.628 6.09e-38
254.662 5.96e-38
254.695 5.84e-38
254.729 5.71e-38
254.762 5.59e-38
254.795 5.47e-38
254.829 5.36e-38
254.862 5.24e-38
254.896 5.13e-38
254.929 5.02e-38
254.962 4.92e-38
254.996 4.81e-38
255.029 4.71e-38
255.063 4.6e-38
255.096 4.5e-38
255.129 4.4e-38
255.163 4.31e-38
255.196 4.21e-38
255.23 4.12e-38
255.263 4.03e-38
255.296 3.94e-38
255.33 3.85e-38
255.363 3.77e-38
255.397 3.68e-38
255.43 3.6e-38
255.463 3.52e-38
255.497 3.45e-38
255.53 3.37e-38
255.564 3.3e-38
255.597 3.22e-38
255.63 3.15e-38
255.664 3.08e-38
255.697 3.02e-38
255.731 2.95e-38
255.764 2.88e-38
255.797 2.82e-38
255.831 2.76e-38
255.864 2.7e-38
255.898 2.64e-38
255.931 2.58e-38
255.964 2.52e-38
255.998 2.47e-38
256.031 2.41e-38
256.065 2.36e-38
256.098 2.31e-38
256.131 2.26e-38
256.165 2.21e-38
256.198 2.16e-38
256.232 2.11e-38
256.265 2.06e-38
256.298 2.02e-38
256.332 1.97e-38
256.365 1.93e-38
256.399 1.89e-38
256.432 1.85e-38
256.465 1.81e-38
256.499 1.77e-38
256.532 1.73e-38
256.566 1.69e-38
256.599 1.65e-38
256.632 1.62e-38
256.666 1.58e-38
256.699 1.55e-38
256.733 1.51e-38
256.766 1.48e-38
256.799 1.45e-38
256.833 1.41e-38
256.866 1.38e-38
256.9 1.35e-38
256.933 1.32e-38
256.966 1.29e-38
257.0 1.26e-38
257.033 1.24e-38
257.067 1.21e-38
257.1 1.18e-38
257.133 1.16e-38
257.167 1.13e-38
257.2 1.11e-38
257.234 1.08e-38
257.267 1.06e-38
257.3 1.04e-38
257.334 1.01e-38
257.367 9.9e-39
257.401 9.68e-39
257.434 9.47e-39
257.467 9.26e-39
257.501 9.06e-39
257.534 8.86e-39
257.568 8.66e-39
257.601 8.47e-39
257.634 8.28e-39
257.668 8.1e-39
257.701 7.92e-39
257.735 7.75e-39
257.768 7.58e-39
257.801 7.41e-39
257.835 7.25e-39
257.868 7.09e-39
257.902 6.93e-39
257.935 6.78e-39
257.968 6.63e-39
258.002 6.48e-39
258.035 6.34e-39
258.069 6.2e-39
258.102 6.06e-39
258.135 5.93e-39
258.169 5.8e-39
258.202 5.67e-39
258.236 5.55e-39
258.269 5.43e-39
258.302 5.31e-39
258.336 5.19e-39
258.369 5.07e-39
258.403 4.96e-39
258.436 4.85e-39
258.469 4.75e-39
258.503 4.64e-39
258.536 4.54e-39
258.57 4.44e-39
258.603 4.34e-39
258.636 4.25e-39
258.67 4.15e-39
258.703 4.06e-39
258.737 3.97e-39
258.77 3.88e-39
258.803 3.8e-39
258.837 3.71e-39
258.87 3.63e-39
258.904 3.55e-39
258.937 3.47e-39
258.97 3.4e-39
259.004 3.32e-39
259.037 3.25e-39
259.071 3.18e-39
259.104 3.11e-39
259.137 3.04e-39
259.171 2.97e-39
259.204 2.91e-39
259.238 2.84e-39
259.271 2.78e-39
259.304 2.72e-39
259.338 2.66e-39
259.371 2.6e-39
259.405 2.54e-39
259.438 2.49e-39
259.471 2.43e-39
259.505 2.38e-39
259.538 2.33e-39
259.572 2.28e-39
259.605 2.23e-39
259.638 2.18e-39
259.672 2.13e-39
259.705 2.08e-39
259.739 2.04e-39
259.772 1.99e-39
259.805 1.95e-39
259.839 1.9e-39
259.872 1.86e-39
259.906 1.82e-39
259.939 1.78e-39
259.972 1.74e-39
260.006 1.7e-39
260.039 1.66e-39
260.073 1.63e-39
260.106 1.59e-39
260.139 1.55e-39
260.173 1.52e-39
260.206 1.48e-39
260.24 1.45e-39
260.273 1.42e-39
260.306 1.38e-39
260.34 1.35e-39
260.373 1.32e-39
260.407 1.29e-39
260.44 1.26e-39
260.473 1.23e-39
260.507 1.2e-39
260.54 1.18e-39
260.574 1.15e-39
260.607 1.12e-39
260.64 1.1e-39
260.674 1.07e-39
260.707 1.05e-39
260.741 1.02e-39
260.774 1.0e-39
260.807 9.78e-40
260.841 9.55e-40
260.874 9.33e-40
260.908 9.12e-40
260.941 8.91e-40
260.974 8.71e-40
261.008 8.51e-40
261.041 8.32e-40
261.075 8.12e-40
261.108 7.94e-40
261.141 7.76e-40
261.175 7.58e-40
261.208 7.41e-40
261.242 7.24e-40
261.275 7.07e-40
261.308 6.91e-40
261.342 6.75e-40
261.375 6.6e-40
261.409 6.45e-40
261.442 6.3e-40
261.475 6.16e-40
261.509 6.01e-40
261.542 5.88e-40
261.576 5.74e-40
261.609 5.61e-40
261.642 5.48e-40
261.676 5.36e-40
261.709 5.24e-40
261.743 5.12e-40
261.776 5.0e-40
261.809 4.88e-40
261.843 4.77e-40
261.876 4.66e-40
261.91 4.56e-40
261.943 4.45e-40
261.976 4.35e-40
262.01 4.25e-40
262.043 4.15e-40
262.077 4.06e-40
262.11 3.97e-40
262.143 3.88e-40
262.177 3.79e-40
262.21 3.7e-40
262.244 3.62e-40
262.277 3.53e-40
262.31 3.45e-40
262.344 3.37e-40
262.377 3.3e-40
262.411 3.22e-40
262.444 3.15e-40
262.477 3.08e-40
262.511 3.01e-40
262.544 2.94e-40
262.578 2.87e-40
262.611 2.8e-40
262.644 2.74e-40
262.678 2.68e-40
262.711 2.62e-40
262.745 2.56e-40
262.778 2.5e-40
262.811 2.44e-40
262.845 2.38e-40
262.878 2.33e-40
262.912 2.28e-40
262.945 2.22e-40
262.978 2.17e-40
263.012 2.12e-40
263.045 2.08e-40
263.079 2.03e-40
263.112 1.98e-40
263.145 1.94e-40
263.179 1.89e-40
263.212 1.85e-40
263.246 1.81e-40
263.279 1.77e-40
263.312 1.72e-40
263.346 1.69e-40
263.379 1.65e-40
263.413 1.61e-40
263.446 1.57e-40
263.479 1.54e-40
263.513 1.5e-40
263.546 1.47e-40
263.58 1.43e-40
263.613 1.4e-40
263.646 1.37e-40
263.68 1.34e-40
263.713 1.31e-40
263.747 1.28e-40
263.78 1.25e-40
263.813 1.22e-40
263.847 1.19e-40
263.88 1.16e-40
263.914 1.14e-40
263.947 1.11e-40
263.98 1.09e-40
264.014 1.06e-40
264.047 1.04e-40
264.081 1.01e-40
264.114 9.9e-41
264.147 9.67e-41
264.181 9.45e-41
264.214 9.24e-41
264.248 9.03e-41
264.281 8.82e-41
264.314 8.62e-41
264.348 8.42e-41
264.381 8.23e-41
264.415 8.04e-41
264.448 7.86e-41
264.481 7.68e-41
264.515 7.5e-41
264.548 7.33e-41
264.582 7.16e-41
264.615 7.0e-41
264.648 6.84e-41
264.682 6.68e-41
264.715 6.53e-41
264.749 6.38e-41
264.782 6.23e-41
264.815 6.09e-41
264.849 5.95e-41
264.882 5.82e-41
264.916 5.68e-41
264.949 5.55e-41
264.982 5.43e-41
265.016 5.3e-41
265.049 5.17e-41
265.083 5.05e-41
265.116 4.93e-41
265.149 4.81e-41
265.183 4.7e-41
265.216 4.59e-41
265.25 4.48e-41
265.283 4.37e-41
265.316 4.27e-41
265.35 4.17e-41
265.383 4.07e-41
265.417 3.97e-41
265.45 3.88e-41
265.483 3.79e-41
265.517 3.7e-41
265.55 3.61e-41
265.584 3.52e-41
265.617 3.44e-41
265.65 3.36e-41
265.684 3.28e-41
265.717 3.2e-41
265.751 3.12e-41
265.784 3.05e-41
265.817 2.98e-41
265.851 2.91e-41
265.884 2.84e-41
265.918 2.77e-41
265.951 2.7e-41
265.984 2.64e-41
266.018 2.58e-41
266.051 2.52e-41
266.085 2.46e-41
266.118 2.4e-41
266.151 2.34e-41
266.185 2.29e-41
266.218 2.23e-41
266.252 2.18e-41
266.285 2.13e-41
266.318 2.08e-41
266.352 2.03e-41
266.385 1.98e-41
266.419 1.93e-41
266.452 1.89e-41
266.485 1.84e-41
266.519 1.8e-41
266.552 1.76e-41
266.586 1.71e-41
266.619 1.67e-41
266.652 1.63e-41
266.686 1.59e-41
266.719 1.56e-41
266.753 1.52e-41
266.786 1.48e-41
266.819 1.45e-41
266.853 1.41e-41
266.886 1.38e-41
266.92 1.35e-41
266.953 1.32e-41
266.986 1.28e-41
267.02 1.25e-41
267.053 1.22e-41
267.087 1.2e-41
267.12 1.17e-41
267.153 1.14e-41
267.187 1.11e-41
267.22 1.09e-41
267.254 1.06e-41
267.287 1.03e-41
267.32 1.01e-41
267.354 9.86e-42
267.387 9.63e-42
267.421 9.4e-42
267.454 9.18e-42
267.487 8.96e-42
267.521 8.75e-42
267.554 8.54e-42
267.588 8.34e-42
267.621 8.14e-42
267.654 7.94e-42
267.688 7.76e-42
267.721 7.57e-42
267.755 7.39e-42
267.788 7.22e-42
267.821 7.04e-42
267.855 6.88e-42
267.888 6.71e-42
267.922 6.56e-42
267.955 6.4e-42
267.988 6.25e-42
268.022 6.1e-42
268.055 5.95e-42
268.089 5.81e-42
268.122 5.68e-42
268.155 5.54e-42
268.189 5.41e-42
268.222 5.28e-42
268.256 5.16e-42
268.289 5.03e-42
268.322 4.91e-42
268.356 4.8e-42
268.389 4.68e-42
268.423 4.57e-42
268.456 4.46e-42
268.489 4.36e-42
268.523 4.25e-42
268.556 4.15e-42
268.59 4.05e-42
268.623 3.96e-42
268.656 3.86e-42
268.69 3.77e-42
268.723 3.68e-42
268.757 3.6e-42
268.79 3.51e-42
268.823 3.43e-42
268.857 3.35e-42
268.89 3.27e-42
268.924 3.19e-42
268.957 3.11e-42
268.99 3.04e-42
269.024 2.97e-42
269.057 2.9e-42
269.091 2.83e-42
269.124 2.76e-42
269.157 2.69e-42
269.191 2.63e-42
269.224 2.57e-42
269.258 2.51e-42
269.291 2.45e-42
269.324 2.39e-42
269.358 2.33e-42
269.391 2.28e-42
269.425 2.22e-42
269.458 2.17e-42
269.491 2.12e-42
269.525 2.07e-42
269.558 2.02e-42
269.592 1.97e-42
269.625 1.93e-42
269.658 1.88e-42
269.692 1.83e-42
269.725 1.79e-42
269.759 1.75e-42
269.792 1.71e-42
269.825 1.67e-42
269.859 1.63e-42
269.892 1.59e-42
269.926 1.55e-42
269.959 1.51e-42
269.992 1.48e-42
270.026 1.44e-42
270.059 1.41e-42
270.093 1.37e-42
270.126 1.34e-42
270.159 1.3e-42
270.193 1.27e-42
270.226 1.24e-42
270.26 1.21e-42
270.293 1.18e-42
270.326 1.15e-42
270.36 1.12e-42
270.393 1.1e-42
270.427 1.07e-42
270.46 1.04e-42
270.493 1.02e-42
270.527 9.91e-43
270.56 9.67e-43
270.594 9.43e-43
270.627 9.2e-43
270.66 8.97e-43
270.694 8.75e-43
270.727 8.53e-43
270.761 8.32e-43
270.794 8.12e-43
270.827 7.92e-43
270.861 7.72e-43
270.894 7.53e-43
270.928 7.34e-43
270.961 7.16e-43
270.994 6.99e-43
271.028 6.81e-43
271.061 6.65e-43
271.095 6.48e-43
271.128 6.32e-43
271.161 6.17e-43
271.195 6.01e-43
271.228 5.87e-43
271.262 5.72e-43
271.295 5.58e-43
271.328 5.44e-43
271.362 5.31e-43
271.395 5.18e-43
271.429 5.05e-43
271.462 4.92e-43
271.495 4.8e-43
271.529 4.68e-43
271.562 4.57e-43
271.596 4.46e-43
271.629 4.35e-43
271.662 4.24e-43
271.696 4.13e-43
271.729 4.03e-43
271.763 3.93e-43
271.796 3.84e-43
271.829 3.74e-43
271.863 3.65e-43
271.896 3.56e-43
271.93 3.47e-43
271.963 3.39e-43
271.996 3.3e-43
272.03 3.22e-43
272.063 3.14e-43
272.097 3.06e-43
272.13 2.99e-43
272.163 2.91e-43
272.197 2.84e-43
272.23 2.77e-43
272.264 2.7e-43
272.297 2.64e-43
272.33 2.57e-43
272.364 2.51e-43
272.397 2.45e-43
272.431 2.39e-43
272.464 2.33e-43
272.497 2.27e-43
272.531 2.21e-43
272.564 2.16e-43
272.598 2.11e-43
272.631 2.05e-43
272.664 2.0e-43
272.698 1.95e-43
272.731 1.91e-43
272.765 1.86e-43
272.798 1.81e-43
272.831 1.77e-43
272.865 1.72e-43
272.898 1.68e-43
272.932 1.64e-43
272.965 1.6e-43
272.998 1.56e-43
273.032 1.52e-43
273.065 1.48e-43
273.099 1.45e-43
273.132 1.41e-43
273.165 1.38e-43
273.199 1.34e-43
273.232 1.31e-43
273.266 1.28e-43
273.299 1.25e-43
273.332 1.22e-43
273.366 1.19e-43
273.399 1.16e-43
273.433 1.13e-43
273.466 1.1e-43
273.499 1.07e-43
273.533 1.05e-43
273.566 1.02e-43
273.6 9.95e-44
273.633 9.7e-44
273.666 9.47e-44
273.7 9.23e-44
273.733 9.0e-44
273.767 8.78e-44
273.8 8.57e-44
273.833 8.35e-44
273.867 8.15e-44
273.9 7.95e-44
273.934 7.75e-44
273.967 7.56e-44
274.0 7.37e-44
274.034 7.19e-44
274.067 7.01e-44
274.101 6.84e-44
274.134 6.67e-44
274.167 6.51e-44
274.201 6.35e-44
274.234 6.19e-44
274.268 6.04e-44
274.301 5.89e-44
274.334 5.74e-44
274.368 5.6e-44
274.401 5.46e-44
274.435 5.33e-44
274.468 5.2e-44
274.501 5.07e-44
274.535 4.94e-44
274.568 4.82e-44
274.602 4.7e-44
274.635 4.59e-44
274.668 4.47e-44
274.702 4.36e-44
274.735 4.25e-44
274.769 4.15e-44
274.802 4.05e-44
274.835 3.95e-44
274.869 3.85e-44
274.902 3.76e-44
274.936 3.66e-44
274.969 3.57e-44
