Wavelength   Rec Prescription
nm           cm^2
114.4 6.41e-18
114.433 4.28e-18
114.467 3.37e-18
114.5 2.93e-18
114.533 2.44e-18
114.567 2.08e-18
114.6 1.88e-18
114.633 1.76e-18
114.667 1.65e-18
114.7 1.55e-18
114.733 1.51e-18
114.767 1.56e-18
114.8 1.75e-18
114.833 2.02e-18
114.867 2.4e-18
114.9 2.53e-18
114.933 2.45e-18
114.967 2.2e-18
115.0 1.98e-18
115.033 1.75e-18
115.067 1.55e-18
115.1 1.35e-18
115.133 1.2e-18
115.167 1.03e-18
115.2 8.58e-19
115.233 7.24e-19
115.267 6.25e-19
115.3 5.49e-19
115.333 4.86e-19
115.367 4.08e-19
115.4 3.4e-19
115.433 3.03e-19
115.467 3.01e-19
115.5 3.65e-19
115.533 5.08e-19
115.567 8.44e-19
115.6 1.4e-18
115.633 2.21e-18
115.667 3.07e-18
115.7 3.69e-18
115.733 3.02e-18
115.767 2.26e-18
115.8 1.58e-18
115.833 1.18e-18
115.867 9.03e-19
115.9 7.1e-19
115.933 5.86e-19
115.967 4.91e-19
116.0 4.19e-19
116.033 3.57e-19
116.067 2.97e-19
116.1 2.55e-19
116.133 2.17e-19
116.167 1.87e-19
116.2 1.59e-19
116.233 1.42e-19
116.267 1.27e-19
116.3 1.19e-19
116.333 1.2e-19
116.367 1.29e-19
116.4 1.43e-19
116.433 1.84e-19
116.467 2.59e-19
116.5 3.68e-19
116.533 4.58e-19
116.567 4.35e-19
116.6 3.24e-19
116.633 2.41e-19
116.667 1.9e-19
116.7 1.54e-19
116.733 1.45e-19
116.767 1.38e-19
116.8 1.36e-19
116.833 1.44e-19
116.867 1.41e-19
116.9 1.37e-19
116.933 1.14e-19
116.967 9.36e-20
117.0 7.96e-20
117.033 7.04e-20
117.067 5.97e-20
117.1 5.52e-20
117.133 5.23e-20
117.167 5.62e-20
117.2 6.53e-20
117.233 8.19e-20
117.267 1.05e-19
117.3 1.24e-19
117.333 1.35e-19
117.367 1.59e-19
117.4 2.04e-19
117.433 2.94e-19
117.467 4.47e-19
117.5 5.05e-19
117.533 3.69e-19
117.567 2.33e-19
117.6 1.4e-19
117.633 8.43e-20
117.667 5.59e-20
117.7 4.34e-20
117.733 3.94e-20
117.767 3.0e-20
117.8 3.01e-20
117.833 2.78e-20
117.867 2.74e-20
117.9 2.28e-20
117.933 2.26e-20
117.967 2.12e-20
118.0 2.06e-20
118.033 1.75e-20
118.067 1.57e-20
118.1 1.75e-20
118.133 1.89e-20
118.167 2.09e-20
118.2 2.33e-20
118.233 2.24e-20
118.267 2.65e-20
118.3 3.16e-20
118.333 3.96e-20
118.367 4.19e-20
118.4 4.44e-20
118.433 3.62e-20
118.467 2.6e-20
118.5 2.13e-20
118.533 1.89e-20
118.567 1.8e-20
118.6 1.76e-20
118.633 1.21e-20
118.667 1.48e-20
118.7 1.52e-20
118.733 1.36e-20
118.767 1.19e-20
118.8 1.0e-20
118.833 9.24e-21
118.867 7.68e-21
118.9 8.14e-21
118.933 1.11e-20
118.967 1.11e-20
119.0 1.14e-20
119.033 1.05e-20
119.067 1.4e-20
119.1 1.58e-20
119.133 1.75e-20
119.167 1.82e-20
119.2 1.88e-20
119.233 1.93e-20
119.267 2.01e-20
119.3 2.12e-20
119.333 2.0e-20
119.367 2.08e-20
119.4 2.04e-20
119.433 1.68e-20
119.467 1.6e-20
119.5 1.27e-20
119.533 1.26e-20
119.567 1.37e-20
119.6 1.23e-20
119.633 1.4e-20
119.667 1.28e-20
119.7 1.68e-20
119.733 1.61e-20
119.767 1.73e-20
119.8 1.77e-20
119.833 2.16e-20
119.867 2.27e-20
119.9 2.33e-20
119.933 2.26e-20
119.967 2.41e-20
120.0 2.54e-20
120.033 2.93e-20
120.067 2.89e-20
120.1 2.87e-20
120.133 2.69e-20
120.167 2.62e-20
120.2 2.67e-20
120.233 2.32e-20
120.267 2.38e-20
120.3 2.2e-20
120.333 2.31e-20
120.367 2.45e-20
120.4 2.55e-20
120.433 2.7e-20
120.467 2.83e-20
120.5 2.79e-20
120.533 2.93e-20
120.567 2.95e-20
120.6 2.96e-20
120.633 3.39e-20
120.667 3.37e-20
120.7 3.26e-20
120.733 3.54e-20
120.767 4.04e-20
120.8 3.99e-20
120.833 4.01e-20
120.867 4.37e-20
120.9 3.92e-20
120.933 4.18e-20
120.967 4.08e-20
121.0 3.99e-20
121.033 3.83e-20
121.067 3.73e-20
121.1 3.76e-20
121.133 3.71e-20
121.167 3.64e-20
121.2 4.11e-20
121.233 3.93e-20
121.267 3.66e-20
121.3 3.26e-20
121.333 3.57e-20
121.367 3.4e-20
121.4 3.74e-20
121.433 4.03e-20
121.467 4.39e-20
121.5 4.8e-20
121.533 5.05e-20
121.567 5.52e-20
121.6 5.78e-20
121.633 5.72e-20
121.667 5.7e-20
121.7 5.61e-20
121.733 5.61e-20
121.767 5.29e-20
121.8 5.23e-20
121.833 5.47e-20
121.867 5.43e-20
121.9 5.67e-20
121.933 5.8e-20
121.967 5.68e-20
122.0 5.9e-20
122.033 5.92e-20
122.067 5.62e-20
122.1 5.54e-20
122.133 5.43e-20
122.167 5.33e-20
122.2 5.31e-20
122.233 5.57e-20
122.267 5.99e-20
122.3 6.27e-20
122.333 6.46e-20
122.367 7.12e-20
122.4 7.79e-20
122.433 8.45e-20
122.467 8.82e-20
122.5 8.89e-20
122.533 8.87e-20
122.567 8.03e-20
122.6 7.7e-20
122.633 7.58e-20
122.667 7.17e-20
122.7 6.98e-20
122.733 7.15e-20
122.767 7.31e-20
122.8 7.58e-20
122.833 7.84e-20
122.867 7.9e-20
122.9 7.79e-20
122.933 8.46e-20
122.967 8.66e-20
123.0 8.83e-20
123.033 8.38e-20
123.067 8.35e-20
123.1 8.42e-20
123.133 8.6e-20
123.167 8.98e-20
123.2 9.76e-20
123.233 1.05e-19
123.267 1.1e-19
123.3 1.15e-19
123.333 1.14e-19
123.367 1.12e-19
123.4 1.09e-19
123.433 1.09e-19
123.467 1.08e-19
123.5 1.07e-19
123.533 1.05e-19
123.567 1.01e-19
123.6 1.01e-19
123.633 9.95e-20
123.667 9.98e-20
123.7 1.03e-19
123.733 1.07e-19
123.767 1.13e-19
123.8 1.18e-19
123.833 1.25e-19
123.867 1.31e-19
123.9 1.34e-19
123.933 1.34e-19
123.967 1.29e-19
124.0 1.25e-19
124.033 1.22e-19
124.067 1.23e-19
124.1 1.25e-19
124.133 1.33e-19
124.167 1.44e-19
124.2 1.56e-19
124.233 1.63e-19
124.267 1.62e-19
124.3 1.62e-19
124.333 1.6e-19
124.367 1.61e-19
124.4 1.58e-19
124.433 1.52e-19
124.467 1.43e-19
124.5 1.36e-19
124.533 1.25e-19
124.567 1.2e-19
124.6 1.24e-19
124.633 1.28e-19
124.667 1.33e-19
124.7 1.4e-19
124.733 1.47e-19
124.767 1.56e-19
124.8 1.7e-19
124.833 1.88e-19
124.867 2.15e-19
124.9 2.27e-19
124.933 2.23e-19
124.967 2.1e-19
125.0 1.96e-19
125.033 1.91e-19
125.067 1.91e-19
125.1 1.97e-19
125.133 2.05e-19
125.167 2.1e-19
125.2 2.16e-19
125.233 2.2e-19
125.267 2.22e-19
125.3 2.2e-19
125.333 2.14e-19
125.367 2.05e-19
125.4 1.91e-19
125.433 1.78e-19
125.467 1.62e-19
125.5 1.56e-19
125.533 1.54e-19
125.567 1.53e-19
125.6 1.55e-19
125.633 1.58e-19
125.667 1.61e-19
125.7 1.69e-19
125.733 1.8e-19
125.767 1.95e-19
125.8 2.15e-19
125.833 2.44e-19
125.867 2.72e-19
125.9 2.92e-19
125.933 3.1e-19
125.967 3.15e-19
126.0 3.16e-19
126.033 3.18e-19
126.067 3.17e-19
126.1 3.1e-19
126.133 3.1e-19
126.167 3.13e-19
126.2 3.22e-19
126.233 3.27e-19
126.267 3.22e-19
126.3 3.12e-19
126.333 3.01e-19
126.367 2.83e-19
126.4 2.6e-19
126.433 2.39e-19
126.467 2.21e-19
126.5 2.08e-19
126.533 1.91e-19
126.567 1.84e-19
126.6 1.82e-19
126.633 1.82e-19
126.667 1.89e-19
126.7 1.96e-19
126.733 2.1e-19
126.767 2.33e-19
126.8 2.56e-19
126.833 2.89e-19
126.867 3.48e-19
126.9 4.1e-19
126.933 4.37e-19
126.967 4.28e-19
127.0 4.1e-19
127.033 3.96e-19
127.067 3.92e-19
127.1 4.01e-19
127.133 4.29e-19
127.167 4.5e-19
127.2 4.75e-19
127.233 4.95e-19
127.267 4.93e-19
127.3 4.74e-19
127.333 4.27e-19
127.367 3.9e-19
127.4 3.49e-19
127.433 3.18e-19
127.467 2.95e-19
127.5 2.75e-19
127.533 2.57e-19
127.567 2.42e-19
127.6 2.37e-19
127.633 2.36e-19
127.667 2.36e-19
127.7 2.46e-19
127.733 2.62e-19
127.767 2.84e-19
127.8 3.1e-19
127.833 3.44e-19
127.867 3.78e-19
127.9 4.41e-19
127.933 5.13e-19
127.967 6.06e-19
128.0 6.46e-19
128.033 6.31e-19
128.067 5.87e-19
128.1 5.42e-19
128.133 5.21e-19
128.167 5.07e-19
128.2 5.06e-19
128.233 5.29e-19
128.267 5.52e-19
128.3 5.72e-19
128.333 5.73e-19
128.367 5.52e-19
128.4 5.13e-19
128.433 4.76e-19
128.467 4.43e-19
128.5 4.04e-19
128.533 3.75e-19
128.567 3.54e-19
128.6 3.34e-19
128.633 3.17e-19
128.667 3.07e-19
128.7 3.01e-19
128.733 2.99e-19
128.767 3.04e-19
128.8 3.18e-19
128.833 3.33e-19
128.867 3.53e-19
128.9 3.96e-19
128.933 4.67e-19
128.967 5.56e-19
129.0 6.59e-19
129.033 8.1e-19
129.067 8.84e-19
129.1 9.29e-19
129.133 8.78e-19
129.167 8.09e-19
129.2 7.53e-19
129.233 6.91e-19
129.267 6.67e-19
129.3 6.53e-19
129.333 6.43e-19
129.367 6.31e-19
129.4 6.15e-19
129.433 6.0e-19
129.467 5.8e-19
129.5 5.54e-19
129.533 5.16e-19
129.567 4.84e-19
129.6 4.52e-19
129.633 4.25e-19
129.667 3.99e-19
129.7 3.78e-19
129.733 3.66e-19
129.767 3.56e-19
129.8 3.52e-19
129.833 3.55e-19
129.867 3.59e-19
129.9 3.75e-19
129.933 3.93e-19
129.967 4.2e-19
130.0 4.77e-19
130.033 5.48e-19
130.067 6.73e-19
130.1 8.27e-19
130.133 1.03e-18
130.167 1.13e-18
130.2 1.17e-18
130.233 1.16e-18
130.267 1.09e-18
130.3 9.79e-19
130.333 9.07e-19
130.367 8.15e-19
130.4 7.83e-19
130.433 7.53e-19
130.467 7.33e-19
130.5 7.11e-19
130.533 6.83e-19
130.567 6.54e-19
130.6 6.29e-19
130.633 6.05e-19
130.667 5.69e-19
130.7 5.31e-19
130.733 5.01e-19
130.767 4.72e-19
130.8 4.46e-19
130.833 4.35e-19
130.867 4.21e-19
130.9 4.17e-19
130.933 4.15e-19
130.967 4.2e-19
131.0 4.36e-19
131.033 4.55e-19
131.067 4.77e-19
131.1 5.12e-19
131.133 5.65e-19
131.167 6.59e-19
131.2 8.07e-19
131.233 9.63e-19
131.267 1.16e-18
131.3 1.23e-18
131.333 1.2e-18
131.367 1.12e-18
131.4 1.03e-18
131.433 9.71e-19
131.467 9.28e-19
131.5 9.15e-19
131.533 9.09e-19
131.567 9.09e-19
131.6 9.05e-19
131.633 8.84e-19
131.667 8.45e-19
131.7 8.03e-19
131.733 7.54e-19
131.767 7.24e-19
131.8 6.95e-19
131.833 6.63e-19
131.867 6.23e-19
131.9 5.84e-19
131.933 5.36e-19
131.967 5.05e-19
132.0 4.77e-19
132.033 4.62e-19
132.067 4.61e-19
132.1 4.66e-19
132.133 4.77e-19
132.167 5.05e-19
132.2 5.46e-19
132.233 6.1e-19
132.267 6.9e-19
132.3 7.8e-19
132.333 8.84e-19
132.367 9.97e-19
132.4 1.09e-18
132.433 1.13e-18
132.467 1.11e-18
132.5 1.05e-18
132.533 9.62e-19
132.567 9.11e-19
132.6 8.86e-19
132.633 8.93e-19
132.667 9.06e-19
132.7 9.17e-19
132.733 9.17e-19
132.767 9.03e-19
132.8 8.59e-19
132.833 8.3e-19
132.867 8.15e-19
132.9 7.94e-19
132.933 7.59e-19
132.967 6.97e-19
133.0 6.44e-19
133.033 6.01e-19
133.067 5.7e-19
133.1 5.52e-19
133.133 5.38e-19
133.167 5.33e-19
133.2 5.38e-19
133.233 5.48e-19
133.267 5.63e-19
133.3 5.92e-19
133.333 6.47e-19
133.367 7.32e-19
133.4 8.39e-19
133.433 9.39e-19
133.467 1.04e-18
133.5 1.08e-18
133.533 1.07e-18
133.567 1.04e-18
133.6 10.0e-19
133.633 9.46e-19
133.667 8.9e-19
133.7 8.59e-19
133.733 8.3e-19
133.767 7.99e-19
133.8 7.73e-19
133.833 7.63e-19
133.867 7.79e-19
133.9 8.15e-19
133.933 8.42e-19
133.967 8.47e-19
134.0 8.07e-19
134.033 7.64e-19
134.067 7.06e-19
134.1 6.65e-19
134.133 6.06e-19
134.167 5.77e-19
134.2 5.49e-19
134.233 5.4e-19
134.267 5.34e-19
134.3 5.31e-19
134.333 5.24e-19
134.367 5.25e-19
134.4 5.3e-19
134.433 5.45e-19
134.467 5.73e-19
134.5 6.14e-19
134.533 6.59e-19
134.567 7.15e-19
134.6 7.74e-19
134.633 8.22e-19
134.667 9.08e-19
134.7 9.85e-19
134.733 1.09e-18
134.767 1.19e-18
134.8 1.28e-18
134.833 1.22e-18
134.867 1.13e-18
134.9 9.75e-19
134.933 8.08e-19
134.967 7.29e-19
135.0 6.7e-19
135.033 6.43e-19
135.067 6.34e-19
135.1 6.31e-19
135.133 6.17e-19
135.167 6.04e-19
135.2 5.84e-19
135.233 5.69e-19
135.267 5.62e-19
135.3 5.58e-19
135.333 5.49e-19
135.367 5.43e-19
135.4 5.35e-19
135.433 5.3e-19
135.467 5.25e-19
135.5 5.14e-19
135.533 5.09e-19
135.567 5.13e-19
135.6 5.17e-19
135.633 5.23e-19
135.667 5.31e-19
135.7 5.45e-19
135.733 5.74e-19
135.767 6.11e-19
135.8 6.79e-19
135.833 7.51e-19
135.867 7.93e-19
135.9 8.94e-19
135.933 9.68e-19
135.967 1.0e-18
136.0 9.79e-19
136.033 9.47e-19
136.067 8.8e-19
136.1 8.02e-19
136.133 7.19e-19
136.167 6.69e-19
136.2 6.33e-19
136.233 6.0e-19
136.267 5.78e-19
136.3 5.64e-19
136.333 5.49e-19
136.367 5.45e-19
136.4 5.45e-19
136.433 5.46e-19
136.467 5.48e-19
136.5 5.47e-19
136.533 5.39e-19
136.567 5.36e-19
136.6 5.24e-19
136.633 5.25e-19
136.667 5.3e-19
136.7 5.43e-19
136.733 5.62e-19
136.767 5.85e-19
136.8 6.11e-19
136.833 6.44e-19
136.867 6.83e-19
136.9 6.96e-19
136.933 7.01e-19
136.967 6.9e-19
137.0 6.75e-19
137.033 6.64e-19
137.067 6.34e-19
137.1 6.16e-19
137.133 5.85e-19
137.167 5.62e-19
137.2 5.49e-19
137.233 5.42e-19
137.267 5.4e-19
137.3 5.39e-19
137.333 5.27e-19
137.367 5.18e-19
137.4 5.09e-19
137.433 5.02e-19
137.467 4.98e-19
137.5 4.97e-19
137.533 4.96e-19
137.567 4.94e-19
137.6 4.96e-19
137.633 4.97e-19
137.667 4.98e-19
137.7 5.03e-19
137.733 5.04e-19
137.767 5.1e-19
137.8 5.16e-19
137.833 5.43e-19
137.867 5.78e-19
137.9 6.19e-19
137.933 6.69e-19
137.967 7.07e-19
138.0 7.0e-19
138.033 6.69e-19
138.067 6.24e-19
138.1 5.78e-19
138.133 5.49e-19
138.167 5.21e-19
138.2 5.06e-19
138.233 5.0e-19
138.267 4.92e-19
138.3 4.96e-19
138.333 5.02e-19
138.367 5.07e-19
138.4 5.15e-19
138.433 5.24e-19
138.467 5.28e-19
138.5 5.29e-19
138.533 5.3e-19
138.567 5.26e-19
138.6 5.15e-19
138.633 5.05e-19
138.667 4.92e-19
138.7 4.82e-19
138.733 4.75e-19
138.767 4.69e-19
138.8 4.65e-19
138.833 4.66e-19
138.867 4.71e-19
138.9 4.8e-19
138.933 4.91e-19
138.967 5.04e-19
139.0 5.14e-19
139.033 5.15e-19
139.067 5.13e-19
139.1 5.13e-19
139.133 5.11e-19
139.167 5.09e-19
139.2 5.14e-19
139.233 5.24e-19
139.267 5.37e-19
139.3 5.44e-19
139.333 5.5e-19
139.367 5.5e-19
139.4 5.43e-19
139.433 5.33e-19
139.467 5.19e-19
139.5 5.05e-19
139.533 4.98e-19
139.567 4.85e-19
139.6 4.76e-19
139.633 4.61e-19
139.667 4.58e-19
139.7 4.59e-19
139.733 4.68e-19
139.767 4.81e-19
139.8 4.9e-19
139.833 4.95e-19
139.867 4.98e-19
139.9 5.05e-19
139.933 5.12e-19
139.967 5.19e-19
140.0 5.25e-19
140.033 5.33e-19
140.067 5.38e-19
140.1 5.45e-19
140.133 5.57e-19
140.167 5.59e-19
140.2 5.66e-19
140.233 5.69e-19
140.267 5.68e-19
140.3 5.63e-19
140.333 5.54e-19
140.367 5.42e-19
140.4 5.3e-19
140.433 5.17e-19
140.467 5.05e-19
140.5 4.93e-19
140.533 4.9e-19
140.567 4.85e-19
140.6 4.84e-19
140.633 4.87e-19
140.667 4.87e-19
140.7 4.93e-19
140.733 4.92e-19
140.767 5.03e-19
140.8 5.08e-19
140.833 5.14e-19
140.867 5.19e-19
140.9 5.28e-19
140.933 5.37e-19
140.967 5.42e-19
141.0 5.51e-19
141.033 5.6e-19
141.067 5.64e-19
141.1 5.75e-19
141.133 5.78e-19
141.167 5.82e-19
141.2 5.73e-19
141.233 5.65e-19
141.267 5.5e-19
141.3 5.42e-19
141.333 5.43e-19
141.367 5.44e-19
141.4 5.37e-19
141.433 5.3e-19
141.467 5.26e-19
141.5 5.25e-19
141.533 5.29e-19
141.567 5.38e-19
141.6 5.45e-19
141.633 5.37e-19
141.667 5.37e-19
141.7 5.4e-19
141.733 5.46e-19
141.767 5.51e-19
141.8 5.51e-19
141.833 5.38e-19
141.867 5.22e-19
141.9 5.12e-19
141.933 5.04e-19
141.967 4.96e-19
142.0 4.98e-19
142.033 5.0e-19
142.067 5.08e-19
142.1 5.27e-19
142.133 5.43e-19
142.167 5.59e-19
142.2 5.72e-19
142.233 5.84e-19
142.267 5.87e-19
142.3 5.89e-19
142.333 5.89e-19
142.367 5.89e-19
142.4 5.93e-19
142.433 5.9e-19
142.467 5.87e-19
142.5 5.88e-19
142.533 5.93e-19
142.567 5.86e-19
142.6 5.78e-19
142.633 5.71e-19
142.667 5.63e-19
142.7 5.45e-19
142.733 5.3e-19
142.767 5.17e-19
142.8 5.14e-19
142.833 5.11e-19
142.867 5.07e-19
142.9 4.98e-19
142.933 4.89e-19
142.967 4.85e-19
143.0 4.88e-19
143.033 4.98e-19
143.067 5.09e-19
143.1 5.25e-19
143.133 5.41e-19
143.167 5.54e-19
143.2 5.68e-19
143.233 5.84e-19
143.267 5.89e-19
143.3 5.88e-19
143.333 5.86e-19
143.367 5.91e-19
143.4 6.01e-19
143.433 6.08e-19
143.467 6.08e-19
143.5 6.1e-19
143.533 6.11e-19
143.567 6.11e-19
143.6 6.08e-19
143.633 6.02e-19
143.667 5.94e-19
143.7 5.8e-19
143.733 5.72e-19
143.767 5.53e-19
143.8 5.36e-19
143.833 5.2e-19
143.867 4.99e-19
143.9 4.9e-19
143.933 4.88e-19
143.967 4.92e-19
144.0 4.94e-19
144.033 4.99e-19
144.067 5.03e-19
144.1 5.04e-19
144.133 5.14e-19
144.167 5.25e-19
144.2 5.34e-19
144.233 5.52e-19
144.267 5.65e-19
144.3 5.73e-19
144.333 5.74e-19
144.367 5.77e-19
144.4 5.76e-19
144.433 5.76e-19
144.467 5.79e-19
144.5 5.88e-19
144.533 5.99e-19
144.567 6.08e-19
144.6 6.22e-19
144.633 6.29e-19
144.667 6.29e-19
144.7 6.24e-19
144.733 6.14e-19
144.767 6.02e-19
144.8 5.83e-19
144.833 5.59e-19
144.867 5.41e-19
144.9 5.27e-19
144.933 5.15e-19
144.967 5.08e-19
145.0 5.16e-19
145.033 5.25e-19
145.067 5.34e-19
145.1 5.38e-19
145.133 5.31e-19
145.167 5.25e-19
145.2 5.14e-19
145.233 5.07e-19
145.267 5.06e-19
145.3 5.1e-19
145.333 5.15e-19
145.367 5.18e-19
145.4 5.16e-19
145.433 5.17e-19
145.467 5.15e-19
145.5 5.31e-19
145.533 5.54e-19
145.567 5.75e-19
145.6 5.96e-19
145.633 6.21e-19
145.667 6.41e-19
145.7 6.48e-19
145.733 6.48e-19
145.767 6.49e-19
145.8 6.47e-19
145.833 6.39e-19
145.867 6.29e-19
145.9 6.05e-19
145.933 5.85e-19
145.967 5.69e-19
146.0 5.55e-19
146.033 5.37e-19
146.067 5.28e-19
146.1 5.1e-19
146.133 4.93e-19
146.167 4.74e-19
146.2 4.67e-19
146.233 4.59e-19
146.267 4.58e-19
146.3 4.62e-19
146.333 4.66e-19
146.367 4.69e-19
146.4 4.71e-19
146.433 4.81e-19
146.467 4.97e-19
146.5 5.28e-19
146.533 5.48e-19
146.567 5.67e-19
146.6 5.78e-19
146.633 5.89e-19
146.667 6.01e-19
146.7 6.21e-19
146.733 6.38e-19
146.767 6.41e-19
146.8 6.4e-19
146.833 6.23e-19
146.867 6.06e-19
146.9 5.83e-19
146.933 5.6e-19
146.967 5.5e-19
147.0 5.47e-19
147.033 5.46e-19
147.067 5.41e-19
147.1 5.32e-19
147.133 5.09e-19
147.167 4.93e-19
147.2 4.89e-19
147.233 4.91e-19
147.267 4.95e-19
147.3 5.0e-19
147.333 5.05e-19
147.367 5.11e-19
147.4 5.14e-19
147.433 5.18e-19
147.467 5.17e-19
147.5 5.13e-19
147.533 5.09e-19
147.567 5.16e-19
147.6 5.23e-19
147.633 5.31e-19
147.667 5.39e-19
147.7 5.35e-19
147.733 5.28e-19
147.767 5.25e-19
147.8 5.27e-19
147.833 5.24e-19
147.867 5.22e-19
147.9 5.25e-19
147.933 5.3e-19
147.967 5.38e-19
148.0 5.55e-19
148.033 5.69e-19
148.067 5.82e-19
148.1 5.82e-19
148.133 5.73e-19
148.167 5.61e-19
148.2 5.42e-19
148.233 5.29e-19
148.267 5.15e-19
148.3 5.09e-19
148.333 5.09e-19
148.367 5.12e-19
148.4 5.14e-19
148.433 5.13e-19
148.467 5.08e-19
148.5 4.97e-19
148.533 4.88e-19
148.567 4.78e-19
148.6 4.79e-19
148.633 4.86e-19
148.667 4.92e-19
148.7 4.97e-19
148.733 4.95e-19
148.767 4.91e-19
148.8 4.88e-19
148.833 4.8e-19
148.867 4.71e-19
148.9 4.62e-19
148.933 4.58e-19
148.967 4.63e-19
149.0 4.71e-19
149.033 4.88e-19
149.067 5.0e-19
149.1 5.1e-19
149.133 5.26e-19
149.167 5.38e-19
149.2 5.39e-19
149.233 5.31e-19
149.267 5.2e-19
149.3 5.14e-19
149.333 5.17e-19
149.367 5.27e-19
149.4 5.33e-19
149.433 5.36e-19
149.467 5.35e-19
149.5 5.35e-19
149.533 5.33e-19
149.567 5.29e-19
149.6 5.24e-19
149.633 5.12e-19
149.667 4.92e-19
149.7 4.74e-19
149.733 4.6e-19
149.767 4.46e-19
149.8 4.36e-19
149.833 4.34e-19
149.867 4.26e-19
149.9 4.15e-19
149.933 3.98e-19
149.967 3.88e-19
150.0 3.84e-19
150.033 3.89e-19
150.067 3.99e-19
150.1 4.14e-19
150.133 4.32e-19
150.167 4.5e-19
150.2 4.68e-19
150.233 4.87e-19
150.267 5.03e-19
150.3 5.2e-19
150.333 5.35e-19
150.367 5.42e-19
150.4 5.44e-19
150.433 5.44e-19
150.467 5.3e-19
150.5 5.17e-19
150.533 5.08e-19
150.567 4.98e-19
150.6 4.88e-19
150.633 4.78e-19
150.667 4.67e-19
150.7 4.63e-19
150.733 4.61e-19
150.767 4.51e-19
150.8 4.41e-19
150.833 4.29e-19
150.867 4.15e-19
150.9 3.94e-19
150.933 3.86e-19
150.967 3.81e-19
151.0 3.85e-19
151.033 3.93e-19
151.067 3.96e-19
151.1 3.98e-19
151.133 3.97e-19
151.167 3.91e-19
151.2 3.79e-19
151.233 3.79e-19
151.267 3.87e-19
151.3 4.05e-19
151.333 4.3e-19
151.367 4.49e-19
151.4 4.56e-19
151.433 4.58e-19
151.467 4.62e-19
151.5 4.68e-19
151.533 4.7e-19
151.567 4.71e-19
151.6 4.7e-19
151.633 4.69e-19
151.667 4.63e-19
151.7 4.55e-19
151.733 4.48e-19
151.767 4.46e-19
151.8 4.51e-19
151.833 4.57e-19
151.867 4.59e-19
151.9 4.54e-19
151.933 4.35e-19
151.967 4.09e-19
152.0 3.83e-19
152.033 3.59e-19
152.067 3.48e-19
152.1 3.43e-19
152.133 3.46e-19
152.167 3.54e-19
152.2 3.66e-19
152.233 3.7e-19
152.267 3.72e-19
152.3 3.73e-19
152.333 3.69e-19
152.367 3.68e-19
152.4 3.72e-19
152.433 3.76e-19
152.467 3.84e-19
152.5 3.9e-19
152.533 3.93e-19
152.567 3.88e-19
152.6 3.81e-19
152.633 3.76e-19
152.667 3.78e-19
152.7 3.88e-19
152.733 3.95e-19
152.767 4.02e-19
152.8 4.06e-19
152.833 4.06e-19
152.867 4.11e-19
152.9 4.13e-19
152.933 4.12e-19
152.967 4.09e-19
153.0 3.99e-19
153.033 4.0e-19
153.067 4.01e-19
153.1 4.01e-19
153.133 4.02e-19
153.167 3.93e-19
153.2 3.81e-19
153.233 3.7e-19
153.267 3.61e-19
153.3 3.53e-19
153.333 3.44e-19
153.367 3.27e-19
153.4 3.24e-19
153.433 3.18e-19
153.467 3.18e-19
153.5 3.23e-19
153.533 3.29e-19
153.567 3.27e-19
153.6 3.2e-19
153.633 3.12e-19
153.667 3.03e-19
153.7 3.05e-19
153.733 3.12e-19
153.767 3.17e-19
153.8 3.27e-19
153.833 3.36e-19
153.867 3.45e-19
153.9 3.51e-19
153.933 3.5e-19
153.967 3.49e-19
154.0 3.46e-19
154.033 3.52e-19
154.067 3.62e-19
154.1 3.74e-19
154.133 3.77e-19
154.167 3.79e-19
154.2 3.79e-19
154.233 3.73e-19
154.267 3.58e-19
154.3 3.45e-19
154.333 3.36e-19
154.367 3.25e-19
154.4 3.11e-19
154.433 3.01e-19
154.467 3.02e-19
154.5 3.03e-19
154.533 3.09e-19
154.567 3.24e-19
154.6 3.31e-19
154.633 3.34e-19
154.667 3.34e-19
154.7 3.26e-19
154.733 3.1e-19
154.767 2.93e-19
154.8 2.75e-19
154.833 2.64e-19
154.867 2.64e-19
154.9 2.65e-19
154.933 2.7e-19
154.967 2.72e-19
155.0 2.74e-19
155.033 2.73e-19
155.067 2.71e-19
155.1 2.67e-19
155.133 2.64e-19
155.167 2.63e-19
155.2 2.65e-19
155.233 2.76e-19
155.267 2.86e-19
155.3 3.01e-19
155.333 3.15e-19
155.367 3.27e-19
155.4 3.34e-19
155.433 3.33e-19
155.467 3.29e-19
155.5 3.18e-19
155.533 3.07e-19
155.567 2.95e-19
155.6 2.84e-19
155.633 2.78e-19
155.667 2.74e-19
155.7 2.77e-19
155.733 2.81e-19
155.767 2.9e-19
155.8 2.93e-19
155.833 2.98e-19
155.867 2.93e-19
155.9 2.86e-19
155.933 2.74e-19
155.967 2.66e-19
156.0 2.57e-19
156.033 2.57e-19
156.067 2.5e-19
156.1 2.49e-19
156.133 2.48e-19
156.167 2.45e-19
156.2 2.39e-19
156.233 2.34e-19
156.267 2.33e-19
156.3 2.34e-19
156.333 2.34e-19
156.367 2.38e-19
156.4 2.34e-19
156.433 2.32e-19
156.467 2.31e-19
156.5 2.35e-19
156.533 2.4e-19
156.567 2.44e-19
156.6 2.4e-19
156.633 2.34e-19
156.667 2.3e-19
156.7 2.31e-19
156.733 2.39e-19
156.767 2.43e-19
156.8 2.46e-19
156.833 2.39e-19
156.867 2.31e-19
156.9 2.29e-19
156.933 2.31e-19
156.967 2.38e-19
157.0 2.48e-19
157.033 2.71e-19
157.067 2.82e-19
157.1 2.87e-19
157.133 2.76e-19
157.167 2.6e-19
157.2 2.56e-19
157.233 2.59e-19
157.267 2.58e-19
157.3 2.52e-19
157.333 2.33e-19
157.367 2.18e-19
157.4 2.04e-19
157.433 1.89e-19
157.467 1.84e-19
157.5 1.85e-19
157.533 1.9e-19
157.567 1.97e-19
157.6 1.97e-19
157.633 1.97e-19
157.667 1.97e-19
157.7 1.93e-19
157.733 1.82e-19
157.767 1.76e-19
157.8 1.79e-19
157.833 1.83e-19
157.867 1.85e-19
157.9 1.85e-19
157.933 1.84e-19
157.967 1.86e-19
158.0 1.89e-19
158.033 1.95e-19
158.067 2.02e-19
158.1 2.06e-19
158.133 2.09e-19
158.167 2.04e-19
158.2 1.97e-19
158.233 1.89e-19
158.267 1.84e-19
158.3 1.84e-19
158.333 1.91e-19
158.367 2.05e-19
158.4 2.19e-19
158.433 2.28e-19
158.467 2.29e-19
158.5 2.21e-19
158.533 2.14e-19
158.567 2.08e-19
158.6 2.05e-19
158.633 2.0e-19
158.667 1.98e-19
158.7 1.91e-19
158.733 1.82e-19
158.767 1.78e-19
158.8 1.74e-19
158.833 1.72e-19
158.867 1.71e-19
158.9 1.71e-19
158.933 1.7e-19
158.967 1.68e-19
159.0 1.59e-19
159.033 1.53e-19
159.067 1.53e-19
159.1 1.38e-19
159.133 1.38e-19
159.167 1.39e-19
159.2 1.4e-19
159.233 1.38e-19
159.267 1.32e-19
159.3 1.27e-19
159.333 1.23e-19
159.367 1.26e-19
159.4 1.32e-19
159.433 1.4e-19
159.467 1.45e-19
159.5 1.55e-19
159.533 1.65e-19
159.567 1.77e-19
159.6 1.84e-19
159.633 1.9e-19
159.667 1.93e-19
159.7 1.92e-19
159.733 1.89e-19
159.767 1.83e-19
159.8 1.74e-19
159.833 1.59e-19
159.867 1.49e-19
159.9 1.47e-19
159.933 1.46e-19
159.967 1.48e-19
160.0 1.53e-19
160.033 1.63e-19
160.067 1.65e-19
160.1 1.63e-19
160.133 1.6e-19
160.167 1.55e-19
160.2 1.46e-19
160.233 1.35e-19
160.267 1.28e-19
160.3 1.24e-19
160.333 1.18e-19
160.367 1.16e-19
160.4 1.16e-19
160.433 1.21e-19
160.467 1.26e-19
160.5 1.33e-19
160.533 1.4e-19
160.567 1.42e-19
160.6 1.32e-19
160.633 1.22e-19
160.667 1.12e-19
160.7 1.05e-19
160.733 9.96e-20
160.767 9.68e-20
160.8 9.83e-20
160.833 1.03e-19
160.867 1.06e-19
160.9 1.1e-19
160.933 1.16e-19
160.967 1.27e-19
161.0 1.35e-19
161.033 1.38e-19
161.067 1.37e-19
161.1 1.35e-19
161.133 1.37e-19
161.167 1.37e-19
161.2 1.36e-19
161.233 1.33e-19
161.267 1.3e-19
161.3 1.29e-19
161.333 1.3e-19
161.367 1.31e-19
161.4 1.29e-19
161.433 1.28e-19
161.467 1.27e-19
161.5 1.24e-19
161.533 1.19e-19
161.567 1.14e-19
161.6 1.1e-19
161.633 1.1e-19
161.667 1.06e-19
161.7 1.01e-19
161.733 9.66e-20
161.767 9.13e-20
161.8 9.0e-20
161.833 9.39e-20
161.867 9.5e-20
161.9 9.16e-20
161.933 8.64e-20
161.967 8.33e-20
162.0 8.42e-20
162.033 8.86e-20
162.067 9.22e-20
162.1 9.59e-20
162.133 1.0e-19
162.167 1.03e-19
162.2 1.05e-19
162.233 9.81e-20
162.267 8.92e-20
162.3 8.1e-20
162.333 7.84e-20
162.367 7.61e-20
162.4 7.6e-20
162.433 7.89e-20
162.467 8.43e-20
162.5 9.13e-20
162.533 9.57e-20
162.567 9.83e-20
162.6 1.0e-19
162.633 9.82e-20
162.667 9.49e-20
162.7 8.82e-20
162.733 8.23e-20
162.767 7.9e-20
162.8 8.15e-20
162.833 8.75e-20
162.867 9.44e-20
162.9 9.77e-20
162.933 1.03e-19
162.967 1.04e-19
163.0 1.02e-19
163.033 1.03e-19
163.067 9.8e-20
163.1 9.22e-20
163.133 8.68e-20
163.167 8.37e-20
163.2 7.91e-20
163.233 7.36e-20
163.267 7.25e-20
163.3 7.41e-20
163.333 7.46e-20
163.367 7.28e-20
163.4 7.1e-20
163.433 7.03e-20
163.467 6.98e-20
163.5 7.0e-20
163.533 7.04e-20
163.567 7.02e-20
163.6 6.9e-20
163.633 6.67e-20
163.667 6.44e-20
163.7 6.34e-20
163.733 6.38e-20
163.767 6.61e-20
163.8 6.97e-20
163.833 7.31e-20
163.867 7.48e-20
163.9 7.35e-20
163.933 6.79e-20
163.967 6.51e-20
164.0 6.47e-20
164.033 6.46e-20
164.067 6.28e-20
164.1 6.2e-20
164.133 6.29e-20
164.167 6.38e-20
164.2 6.49e-20
164.233 6.73e-20
164.267 7.1e-20
164.3 7.5e-20
164.333 7.63e-20
164.367 7.6e-20
164.4 7.24e-20
164.433 6.8e-20
164.467 6.41e-20
164.5 6.22e-20
164.533 6.31e-20
164.567 6.57e-20
164.6 6.89e-20
164.633 7.09e-20
164.667 7.01e-20
164.7 6.51e-20
164.733 6.04e-20
164.767 5.98e-20
164.8 6.06e-20
164.833 6.03e-20
164.867 5.84e-20
164.9 5.61e-20
164.933 5.36e-20
164.967 5.08e-20
165.0 4.85e-20
165.033 4.71e-20
165.067 4.59e-20
165.1 4.61e-20
165.133 4.94e-20
165.167 5.36e-20
165.2 5.31e-20
165.233 5.11e-20
165.267 4.84e-20
165.3 4.51e-20
165.333 4.25e-20
165.367 4.14e-20
165.4 4.12e-20
165.433 4.17e-20
165.467 4.22e-20
165.5 4.27e-20
165.533 4.45e-20
165.567 4.75e-20
165.6 4.99e-20
165.633 5.09e-20
165.667 5.06e-20
165.7 5.0e-20
165.733 4.94e-20
165.767 4.89e-20
165.8 4.89e-20
165.833 4.97e-20
165.867 5.01e-20
165.9 5.02e-20
165.933 5.14e-20
165.967 5.27e-20
166.0 5.13e-20
166.033 4.8e-20
166.067 4.63e-20
166.1 4.66e-20
166.133 4.75e-20
166.167 4.79e-20
166.2 4.76e-20
166.233 4.61e-20
166.267 4.35e-20
166.3 4.22e-20
166.333 4.36e-20
166.367 4.4e-20
166.4 4.14e-20
166.433 3.94e-20
166.467 3.84e-20
166.5 3.68e-20
166.533 3.51e-20
166.567 3.43e-20
166.6 3.36e-20
166.633 3.16e-20
166.667 2.95e-20
166.7 2.85e-20
166.733 2.9e-20
166.767 3.06e-20
166.8 3.35e-20
166.833 3.68e-20
166.867 3.77e-20
166.9 3.72e-20
166.933 3.55e-20
166.967 3.32e-20
167.0 3.14e-20
167.033 3.06e-20
167.067 3.06e-20
167.1 3.12e-20
167.133 3.26e-20
167.167 3.31e-20
167.2 3.17e-20
167.233 3.02e-20
167.267 2.92e-20
167.3 2.94e-20
167.333 3.13e-20
167.367 3.41e-20
167.4 3.51e-20
167.433 3.48e-20
167.467 3.49e-20
167.5 3.63e-20
167.533 3.62e-20
167.567 3.35e-20
167.6 3.32e-20
167.633 3.49e-20
167.667 3.65e-20
167.7 3.75e-20
167.733 3.79e-20
167.767 3.51e-20
167.8 3.15e-20
167.833 2.87e-20
167.867 2.59e-20
167.9 2.45e-20
167.933 2.46e-20
167.967 2.52e-20
168.0 2.53e-20
168.033 2.5e-20
168.067 2.46e-20
168.1 2.39e-20
168.133 2.31e-20
168.167 2.37e-20
168.2 2.51e-20
168.233 2.6e-20
168.267 2.54e-20
168.3 2.37e-20
168.333 2.17e-20
168.367 2.0e-20
168.4 1.94e-20
168.433 1.9e-20
168.467 1.9e-20
168.5 1.96e-20
168.533 2.1e-20
168.567 2.22e-20
168.6 2.43e-20
168.633 2.62e-20
168.667 2.73e-20
168.7 2.73e-20
168.733 2.62e-20
168.767 2.38e-20
168.8 2.13e-20
168.833 1.93e-20
168.867 1.88e-20
168.9 1.9e-20
168.933 1.9e-20
168.967 1.9e-20
169.0 2.0e-20
169.033 2.14e-20
169.067 2.34e-20
169.1 2.48e-20
169.133 2.62e-20
169.167 2.65e-20
169.2 2.59e-20
169.233 2.42e-20
169.267 2.33e-20
169.3 2.24e-20
169.333 2.13e-20
169.367 2.0e-20
169.4 1.85e-20
169.433 1.74e-20
169.467 1.69e-20
169.5 1.66e-20
169.533 1.74e-20
169.567 1.87e-20
169.6 1.98e-20
169.633 1.93e-20
169.667 1.85e-20
169.7 1.81e-20
169.733 1.77e-20
169.767 1.66e-20
169.8 1.58e-20
169.833 1.51e-20
169.867 1.47e-20
169.9 1.44e-20
169.933 1.39e-20
169.967 1.36e-20
170.0 1.37e-20
170.033 1.38e-20
170.067 1.4e-20
170.1 1.37e-20
170.133 1.4e-20
170.167 1.48e-20
170.2 1.53e-20
170.233 1.52e-20
170.267 1.47e-20
170.3 1.45e-20
170.333 1.43e-20
170.367 1.42e-20
170.4 1.42e-20
170.433 1.55e-20
170.467 1.73e-20
170.5 1.86e-20
170.533 1.84e-20
170.567 1.77e-20
170.6 1.56e-20
170.633 1.41e-20
170.667 1.35e-20
170.7 1.35e-20
170.733 1.4e-20
170.767 1.43e-20
170.8 1.46e-20
170.833 1.5e-20
170.867 1.54e-20
170.9 1.52e-20
170.933 1.45e-20
170.967 1.32e-20
171.0 1.26e-20
171.033 1.25e-20
171.067 1.23e-20
171.1 1.23e-20
171.133 1.24e-20
171.167 1.2e-20
171.2 1.11e-20
171.233 1.02e-20
171.267 9.59e-21
171.3 9.28e-21
171.333 9.3e-21
171.367 9.48e-21
171.4 9.67e-21
171.433 9.92e-21
171.467 1.02e-20
171.5 1.09e-20
171.533 1.17e-20
171.567 1.31e-20
171.6 1.36e-20
171.633 1.22e-20
171.667 1.01e-20
171.7 8.78e-21
171.733 7.59e-21
171.767 7.26e-21
171.8 7.0e-21
171.833 7.32e-21
171.867 8.0e-21
171.9 8.48e-21
171.933 9.37e-21
171.967 1.06e-20
172.0 1.21e-20
172.033 1.23e-20
172.067 1.12e-20
172.1 1.01e-20
172.133 9.65e-21
172.167 9.57e-21
172.2 9.23e-21
172.233 8.75e-21
172.267 8.56e-21
172.3 8.88e-21
172.333 9.32e-21
172.367 9.56e-21
172.4 9.61e-21
172.433 9.64e-21
172.467 9.49e-21
172.5 9.12e-21
172.533 9.37e-21
172.567 9.72e-21
172.6 9.1e-21
172.633 8.4e-21
172.667 7.66e-21
172.7 7.11e-21
172.733 6.65e-21
172.767 6.49e-21
172.8 6.69e-21
172.833 6.72e-21
172.867 6.94e-21
172.9 6.95e-21
172.933 6.54e-21
172.967 6.22e-21
173.0 6.14e-21
173.033 6.24e-21
173.067 6.57e-21
173.1 6.49e-21
173.133 6.3e-21
173.167 6.0e-21
173.2 6.02e-21
173.233 5.88e-21
173.267 5.55e-21
173.3 5.39e-21
173.333 5.71e-21
173.367 6.29e-21
173.4 7.49e-21
173.433 8.45e-21
173.467 8.57e-21
173.5 8.17e-21
173.533 7.44e-21
173.567 6.52e-21
173.6 5.62e-21
173.633 5.21e-21
173.667 4.85e-21
173.7 4.92e-21
173.733 4.9e-21
173.767 5.07e-21
173.8 5.31e-21
173.833 5.5e-21
173.867 5.91e-21
173.9 6.08e-21
173.933 5.88e-21
173.967 5.79e-21
174.0 5.67e-21
174.033 5.57e-21
174.067 5.83e-21
174.1 6.13e-21
174.133 6.43e-21
174.167 6.21e-21
174.2 5.8e-21
174.233 5.58e-21
174.267 5.49e-21
174.3 5.61e-21
174.333 5.35e-21
174.367 4.84e-21
174.4 4.43e-21
174.433 3.98e-21
174.467 4.03e-21
174.5 3.89e-21
174.533 3.84e-21
174.567 3.58e-21
174.6 3.3e-21
174.633 3.47e-21
174.667 3.41e-21
174.7 3.5e-21
174.733 3.63e-21
174.767 3.64e-21
174.8 3.61e-21
174.833 4.05e-21
174.867 4.4e-21
174.9 4.63e-21
174.933 5.34e-21
174.967 5.63e-21
175.0 5.45e-21
175.033 5.19e-21
175.067 4.76e-21
175.1 4.57e-21
175.133 4.48e-21
175.167 4.24e-21
175.2 3.67e-21
175.233 3.22e-21
175.267 3.01e-21
175.3 2.97e-21
175.333 3.02e-21
175.367 3.1e-21
175.4 3.23e-21
175.433 3.48e-21
175.467 3.61e-21
175.5 3.47e-21
175.533 3.38e-21
175.567 3.42e-21
175.6 3.58e-21
175.633 3.43e-21
175.667 3.07e-21
175.7 2.78e-21
175.733 2.71e-21
175.767 2.61e-21
175.8 2.58e-21
175.833 2.72e-21
175.867 2.89e-21
175.9 2.97e-21
175.933 3.03e-21
175.967 3.16e-21
176.0 3.44e-21
176.033 3.46e-21
176.067 3.33e-21
176.1 3.18e-21
176.133 3.13e-21
176.167 3.18e-21
176.2 3.12e-21
176.233 2.99e-21
176.267 2.93e-21
176.3 2.69e-21
176.333 2.33e-21
176.367 2.15e-21
176.4 2.2e-21
176.433 2.33e-21
176.467 2.39e-21
176.5 2.44e-21
176.533 2.36e-21
176.567 2.2e-21
176.6 1.99e-21
176.633 1.95e-21
176.667 2.03e-21
176.7 2.32e-21
176.733 2.48e-21
176.767 2.48e-21
176.8 2.41e-21
176.833 2.25e-21
176.867 2.08e-21
176.9 1.95e-21
176.933 2.0e-21
176.967 2.05e-21
177.0 2.1e-21
177.033 2.15e-21
177.067 2.26e-21
177.1 2.42e-21
177.133 2.39e-21
177.167 2.24e-21
177.2 2.11e-21
177.233 1.92e-21
177.267 1.73e-21
177.3 1.65e-21
177.333 1.6e-21
177.367 1.59e-21
177.4 1.63e-21
177.433 1.63e-21
177.467 1.63e-21
177.5 1.57e-21
177.533 1.53e-21
177.567 1.45e-21
177.6 1.36e-21
177.633 1.34e-21
177.667 1.39e-21
177.7 1.45e-21
177.733 1.51e-21
177.767 1.52e-21
177.8 1.5e-21
177.833 1.45e-21
177.867 1.42e-21
177.9 1.38e-21
177.933 1.42e-21
177.967 1.49e-21
178.0 1.6e-21
178.033 1.62e-21
178.067 1.83e-21
178.1 2.15e-21
178.133 2.41e-21
178.167 2.42e-21
178.2 2.21e-21
178.233 1.96e-21
178.267 1.68e-21
178.3 1.41e-21
178.333 1.25e-21
178.367 1.11e-21
178.4 1.07e-21
178.433 1.2e-21
178.467 1.24e-21
178.5 1.14e-21
178.533 9.83e-22
178.567 8.74e-22
178.6 9.11e-22
178.633 9.75e-22
178.667 9.89e-22
178.7 1.05e-21
178.733 1.0e-21
178.767 9.34e-22
178.8 8.68e-22
178.833 8.59e-22
178.867 9.23e-22
178.9 1.05e-21
178.933 1.1e-21
178.967 1.07e-21
179.0 1.07e-21
179.033 1.03e-21
179.067 1.08e-21
179.1 1.1e-21
179.133 1.11e-21
179.167 1.11e-21
179.2 9.59e-22
179.233 7.97e-22
179.267 7.4e-22
179.3 7.85e-22
179.333 8.0e-22
179.367 7.97e-22
179.4 7.48e-22
179.433 7.33e-22
179.467 7.56e-22
179.5 7.63e-22
179.533 7.74e-22
179.567 8.24e-22
179.6 8.97e-22
179.633 9.33e-22
179.667 9.17e-22
179.7 9.12e-22
179.733 9.44e-22
179.767 1.01e-21
179.8 1.08e-21
179.833 1.09e-21
179.867 1.04e-21
179.9 9.46e-22
179.933 8.6e-22
179.967 8.57e-22
180.0 8.29e-22
180.033 8.6e-22
180.067 9.22e-22
180.1 9.57e-22
180.133 9.1e-22
180.167 8.42e-22
180.2 7.84e-22
180.233 7.6e-22
180.267 7.72e-22
180.3 8.16e-22
180.333 8.43e-22
180.367 8.26e-22
180.4 7.58e-22
180.433 6.82e-22
180.467 6.19e-22
180.5 5.58e-22
180.533 4.56e-22
180.567 3.75e-22
180.6 3.32e-22
180.633 3.27e-22
180.667 3.31e-22
180.7 3.35e-22
180.733 3.53e-22
180.767 3.75e-22
180.8 4.01e-22
180.833 4.37e-22
180.867 4.49e-22
180.9 4.3e-22
180.933 3.88e-22
180.967 3.64e-22
181.0 3.61e-22
181.033 3.68e-22
181.067 3.73e-22
181.1 3.99e-22
181.133 4.26e-22
181.167 4.36e-22
181.2 4.25e-22
181.233 4.18e-22
181.267 4.26e-22
181.3 4.35e-22
181.333 4.42e-22
181.367 4.75e-22
181.4 5.32e-22
181.433 5.58e-22
181.467 5.58e-22
181.5 5.76e-22
181.533 5.79e-22
181.567 5.47e-22
181.6 5.14e-22
181.633 5.0e-22
181.667 5.0e-22
181.7 5.18e-22
181.733 5.52e-22
181.767 5.75e-22
181.8 5.76e-22
181.833 5.52e-22
181.867 5.12e-22
181.9 4.81e-22
181.933 5.03e-22
181.967 5.24e-22
182.0 5.0e-22
182.033 4.68e-22
182.067 4.45e-22
182.1 4.13e-22
182.133 3.85e-22
182.167 3.64e-22
182.2 3.38e-22
182.233 2.85e-22
182.267 2.49e-22
182.3 2.41e-22
182.333 2.47e-22
182.367 2.61e-22
182.4 2.73e-22
182.433 2.87e-22
182.467 3.01e-22
182.5 3.11e-22
182.533 2.97e-22
182.567 2.61e-22
182.6 2.22e-22
182.633 1.93e-22
182.667 1.63e-22
182.7 1.44e-22
182.733 1.42e-22
182.767 1.44e-22
182.8 1.5e-22
182.833 1.65e-22
182.867 1.83e-22
182.9 1.87e-22
182.933 1.79e-22
182.967 1.8e-22
183.0 1.81e-22
183.033 1.82e-22
183.067 1.96e-22
183.1 2.18e-22
183.133 2.26e-22
183.167 2.32e-22
183.2 2.26e-22
183.233 2.12e-22
183.267 2.01e-22
183.3 2.17e-22
183.333 2.49e-22
183.367 2.9e-22
183.4 3.33e-22
183.433 3.41e-22
183.467 3.17e-22
183.5 3.12e-22
183.533 3.33e-22
183.567 3.46e-22
183.6 3.5e-22
183.633 3.51e-22
183.667 3.52e-22
183.7 3.45e-22
183.733 3.31e-22
183.767 3.21e-22
183.8 3.18e-22
183.833 3.08e-22
183.867 3.03e-22
183.9 2.86e-22
183.933 2.48e-22
183.967 2.16e-22
184.0 1.98e-22
184.033 1.87e-22
184.067 1.81e-22
184.1 1.68e-22
184.133 1.43e-22
184.167 1.3e-22
184.2 1.21e-22
184.233 1.07e-22
184.267 1.01e-22
184.3 1.02e-22
184.333 1.02e-22
184.367 9.99e-23
184.4 9.91e-23
184.433 9.36e-23
184.467 8.74e-23
184.5 8.52e-23
184.533 9.11e-23
184.567 9.83e-23
184.6 1.07e-22
184.633 1.13e-22
184.667 1.15e-22
184.7 1.1e-22
184.733 1.03e-22
184.767 9.9e-23
184.8 1.02e-22
184.833 1.04e-22
184.867 1.05e-22
184.9 1.18e-22
184.933 1.27e-22
184.967 1.14e-22
185.0 9.91e-23
185.033 9.84e-23
185.067 1.09e-22
185.1 1.24e-22
185.133 1.32e-22
185.167 1.29e-22
185.2 1.16e-22
185.233 1.1e-22
185.267 1.11e-22
185.3 1.1e-22
185.333 1.11e-22
185.367 1.2e-22
185.4 1.34e-22
185.433 1.69e-22
185.467 1.97e-22
185.5 1.94e-22
185.533 1.79e-22
185.567 1.73e-22
185.6 1.66e-22
185.633 1.56e-22
185.667 1.51e-22
185.7 1.53e-22
185.733 1.62e-22
185.767 1.76e-22
185.8 1.85e-22
185.833 1.81e-22
185.867 1.64e-22
185.9 1.41e-22
185.933 1.21e-22
185.967 1.05e-22
186.0 9.05e-23
186.033 7.09e-23
186.067 5.95e-23
186.1 5.84e-23
186.133 6.07e-23
186.167 6.25e-23
186.2 5.66e-23
186.233 5.02e-23
186.267 4.27e-23
186.3 3.8e-23
186.333 3.56e-23
186.367 3.4e-23
186.4 3.46e-23
186.433 3.56e-23
186.467 3.4e-23
186.5 3.65e-23
186.533 3.73e-23
186.567 3.56e-23
186.6 3.76e-23
186.633 4.32e-23
186.667 4.91e-23
186.7 4.98e-23
186.733 5.16e-23
186.767 5.42e-23
186.8 5.76e-23
186.833 5.37e-23
186.867 5.26e-23
186.9 5.61e-23
186.933 6.21e-23
186.967 6.67e-23
187.0 7.14e-23
187.033 7.09e-23
187.067 7.15e-23
187.1 6.45e-23
187.133 6.07e-23
187.167 6.38e-23
187.2 6.94e-23
187.233 7.17e-23
187.267 7.17e-23
187.3 7.23e-23
187.333 7.01e-23
187.367 7.27e-23
187.4 7.66e-23
187.433 8.33e-23
187.467 8.42e-23
187.5 8.57e-23
187.533 9.03e-23
187.567 9.98e-23
187.6 1.07e-22
187.633 1.13e-22
187.667 1.14e-22
187.7 1.04e-22
187.733 9.16e-23
187.767 8.79e-23
187.8 7.99e-23
187.833 7.63e-23
187.867 7.4e-23
187.9 6.89e-23
187.933 6.25e-23
187.967 6.12e-23
188.0 5.81e-23
188.033 5.67e-23
188.067 5.25e-23
188.1 5.14e-23
188.133 4.83e-23
188.167 4.28e-23
188.2 3.67e-23
188.233 3.17e-23
188.267 2.82e-23
188.3 2.66e-23
188.333 2.41e-23
188.367 2.72e-23
188.4 2.68e-23
188.433 3.03e-23
188.467 3.17e-23
188.5 3.18e-23
188.533 3.3e-23
188.567 3.29e-23
188.6 3.48e-23
188.633 3.45e-23
188.667 3.54e-23
188.7 4.02e-23
188.733 4.27e-23
188.767 4.24e-23
188.8 4.21e-23
188.833 4.41e-23
188.867 4.39e-23
188.9 3.77e-23
188.933 3.24e-23
188.967 2.94e-23
189.0 3.19e-23
189.033 3.38e-23
189.067 3.39e-23
189.1 3.5e-23
189.133 3.79e-23
189.167 4.39e-23
189.2 4.68e-23
189.233 4.99e-23
189.267 4.53e-23
189.3 4.38e-23
189.333 4.17e-23
189.367 4.52e-23
189.4 4.7e-23
189.433 5.12e-23
189.467 4.9e-23
189.5 4.37e-23
189.533 4.0e-23
189.567 3.98e-23
189.6 4.33e-23
189.633 4.63e-23
189.667 5.58e-23
189.7 6.15e-23
189.733 5.94e-23
189.767 5.22e-23
189.8 4.36e-23
189.833 4.24e-23
189.867 4.19e-23
189.9 4.15e-23
189.934 4.1e-23
189.967 4.06e-23
190.0 4.01e-23
190.034 3.97e-23
190.067 3.92e-23
190.1 3.88e-23
190.134 3.84e-23
190.167 3.8e-23
190.201 3.76e-23
190.234 3.72e-23
190.268 3.68e-23
190.301 3.64e-23
190.334 3.6e-23
190.368 3.56e-23
190.401 3.52e-23
190.434 3.48e-23
190.468 3.44e-23
190.501 3.4e-23
190.535 3.37e-23
190.568 3.33e-23
190.602 3.3e-23
190.635 3.26e-23
190.668 3.22e-23
190.702 3.19e-23
190.735 3.15e-23
190.769 3.12e-23
190.802 3.09e-23
190.835 3.05e-23
190.869 3.02e-23
190.902 2.99e-23
190.936 2.95e-23
190.969 2.92e-23
191.002 2.89e-23
191.036 2.86e-23
191.069 2.83e-23
191.103 2.8e-23
191.136 2.77e-23
191.169 2.74e-23
191.203 2.71e-23
191.236 2.68e-23
191.27 2.65e-23
191.303 2.62e-23
191.336 2.59e-23
191.37 2.56e-23
191.403 2.53e-23
191.437 2.51e-23
191.47 2.48e-23
191.503 2.45e-23
191.537 2.43e-23
191.57 2.4e-23
191.604 2.37e-23
191.637 2.35e-23
191.67 2.32e-23
191.704 2.3e-23
191.737 2.27e-23
191.771 2.25e-23
191.804 2.22e-23
191.837 2.2e-23
191.871 2.18e-23
191.904 2.15e-23
191.938 2.13e-23
191.971 2.1e-23
192.004 2.08e-23
192.038 2.06e-23
192.071 2.04e-23
192.105 2.01e-23
192.138 1.99e-23
192.171 1.97e-23
192.205 1.94e-23
192.238 1.92e-23
192.272 1.9e-23
192.305 1.88e-23
192.338 1.86e-23
192.372 1.84e-23
192.405 1.81e-23
192.439 1.79e-23
192.472 1.77e-23
192.505 1.75e-23
192.539 1.73e-23
192.572 1.71e-23
192.606 1.69e-23
192.639 1.67e-23
192.672 1.65e-23
192.706 1.63e-23
192.739 1.62e-23
192.773 1.6e-23
192.806 1.58e-23
192.839 1.56e-23
192.873 1.54e-23
192.906 1.53e-23
192.94 1.51e-23
192.973 1.49e-23
193.006 1.47e-23
193.04 1.46e-23
193.073 1.44e-23
193.107 1.42e-23
193.14 1.41e-23
193.173 1.39e-23
193.207 1.37e-23
193.24 1.36e-23
193.274 1.34e-23
193.307 1.33e-23
193.34 1.31e-23
193.374 1.3e-23
193.407 1.28e-23
193.441 1.27e-23
193.474 1.25e-23
193.507 1.24e-23
193.541 1.22e-23
193.574 1.21e-23
193.608 1.2e-23
193.641 1.18e-23
193.674 1.17e-23
193.708 1.16e-23
193.741 1.14e-23
193.775 1.13e-23
193.808 1.12e-23
193.841 1.1e-23
193.875 1.09e-23
193.908 1.08e-23
193.942 1.07e-23
193.975 1.05e-23
194.008 1.04e-23
194.042 1.03e-23
194.075 1.02e-23
194.109 1.01e-23
194.142 9.94e-24
194.175 9.82e-24
194.209 9.71e-24
194.242 9.6e-24
194.276 9.49e-24
194.309 9.38e-24
194.342 9.27e-24
194.376 9.16e-24
194.409 9.06e-24
194.443 8.95e-24
194.476 8.85e-24
194.509 8.75e-24
194.543 8.65e-24
194.576 8.55e-24
194.61 8.45e-24
194.643 8.35e-24
194.676 8.26e-24
194.71 8.16e-24
194.743 8.07e-24
194.777 7.98e-24
194.81 7.88e-24
194.843 7.79e-24
194.877 7.7e-24
194.91 7.61e-24
194.944 7.53e-24
194.977 7.44e-24
195.01 7.35e-24
195.044 7.27e-24
195.077 7.19e-24
195.111 7.1e-24
195.144 7.02e-24
195.177 6.94e-24
195.211 6.86e-24
195.244 6.78e-24
195.278 6.7e-24
195.311 6.63e-24
195.344 6.55e-24
195.378 6.48e-24
195.411 6.4e-24
195.445 6.33e-24
195.478 6.25e-24
195.511 6.18e-24
195.545 6.11e-24
195.578 6.04e-24
195.612 5.97e-24
195.645 5.9e-24
195.678 5.84e-24
195.712 5.77e-24
195.745 5.7e-24
195.779 5.64e-24
195.812 5.57e-24
195.845 5.51e-24
195.879 5.44e-24
195.912 5.38e-24
195.946 5.32e-24
195.979 5.26e-24
196.012 5.2e-24
196.046 5.14e-24
196.079 5.08e-24
196.113 5.02e-24
196.146 4.96e-24
196.179 4.9e-24
196.213 4.85e-24
196.246 4.79e-24
196.28 4.74e-24
196.313 4.68e-24
196.346 4.63e-24
196.38 4.58e-24
196.413 4.52e-24
196.447 4.47e-24
196.48 4.42e-24
196.513 4.37e-24
196.547 4.32e-24
196.58 4.27e-24
196.614 4.22e-24
196.647 4.17e-24
196.68 4.12e-24
196.714 4.08e-24
196.747 4.03e-24
196.781 3.98e-24
196.814 3.94e-24
196.847 3.89e-24
196.881 3.85e-24
196.914 3.8e-24
196.948 3.76e-24
196.981 3.72e-24
197.014 3.67e-24
197.048 3.63e-24
197.081 3.59e-24
197.115 3.55e-24
197.148 3.51e-24
197.181 3.47e-24
197.215 3.43e-24
197.248 3.39e-24
197.282 3.35e-24
197.315 3.31e-24
197.348 3.27e-24
197.382 3.23e-24
197.415 3.2e-24
197.449 3.16e-24
197.482 3.12e-24
197.515 3.09e-24
197.549 3.05e-24
197.582 3.02e-24
197.616 2.98e-24
197.649 2.95e-24
197.682 2.91e-24
197.716 2.88e-24
197.749 2.85e-24
197.783 2.81e-24
197.816 2.78e-24
197.849 2.75e-24
197.883 2.72e-24
197.916 2.69e-24
197.95 2.66e-24
197.983 2.63e-24
198.016 2.6e-24
198.05 2.57e-24
198.083 2.54e-24
198.117 2.51e-24
198.15 2.48e-24
198.183 2.45e-24
198.217 2.42e-24
198.25 2.39e-24
198.284 2.37e-24
198.317 2.34e-24
198.35 2.31e-24
198.384 2.28e-24
198.417 2.26e-24
198.451 2.23e-24
198.484 2.21e-24
198.517 2.18e-24
198.551 2.16e-24
198.584 2.13e-24
198.618 2.11e-24
198.651 2.08e-24
198.684 2.06e-24
198.718 2.04e-24
198.751 2.01e-24
198.785 1.99e-24
198.818 1.97e-24
198.851 1.94e-24
198.885 1.92e-24
198.918 1.9e-24
198.952 1.88e-24
198.985 1.86e-24
199.018 1.83e-24
199.052 1.81e-24
199.085 1.79e-24
199.119 1.77e-24
199.152 1.75e-24
199.185 1.73e-24
199.219 1.71e-24
199.252 1.69e-24
199.286 1.67e-24
199.319 1.65e-24
199.352 1.63e-24
199.386 1.61e-24
199.419 1.6e-24
199.453 1.58e-24
199.486 1.56e-24
199.519 1.54e-24
199.553 1.52e-24
199.586 1.51e-24
199.62 1.49e-24
199.653 1.47e-24
199.686 1.45e-24
199.72 1.44e-24
199.753 1.42e-24
199.787 1.41e-24
199.82 1.39e-24
199.853 1.37e-24
199.887 1.36e-24
199.92 1.34e-24
199.954 1.33e-24
199.987 1.31e-24
200.02 1.3e-24
200.054 1.28e-24
200.087 1.27e-24
200.121 1.25e-24
200.154 1.24e-24
200.187 1.22e-24
200.221 1.21e-24
200.254 1.19e-24
200.288 1.18e-24
200.321 1.17e-24
200.354 1.15e-24
200.388 1.14e-24
200.421 1.13e-24
200.455 1.11e-24
200.488 1.1e-24
200.521 1.09e-24
200.555 1.08e-24
200.588 1.06e-24
200.622 1.05e-24
200.655 1.04e-24
200.688 1.03e-24
200.722 1.01e-24
200.755 1.0e-24
200.789 9.89e-25
200.822 9.77e-25
200.855 9.66e-25
200.889 9.54e-25
200.922 9.42e-25
200.956 9.31e-25
200.989 9.2e-25
201.022 9.08e-25
201.056 8.97e-25
201.089 8.86e-25
201.123 8.76e-25
201.156 8.65e-25
201.189 8.55e-25
201.223 8.44e-25
201.256 8.34e-25
201.29 8.24e-25
201.323 8.14e-25
201.356 8.04e-25
201.39 7.94e-25
201.423 7.85e-25
201.457 7.75e-25
201.49 7.66e-25
201.523 7.56e-25
201.557 7.47e-25
201.59 7.38e-25
201.624 7.29e-25
201.657 7.2e-25
201.69 7.12e-25
201.724 7.03e-25
201.757 6.94e-25
201.791 6.86e-25
201.824 6.78e-25
201.857 6.7e-25
201.891 6.61e-25
201.924 6.53e-25
201.958 6.45e-25
201.991 6.38e-25
202.024 6.3e-25
202.058 6.22e-25
202.091 6.15e-25
202.125 6.07e-25
202.158 6.0e-25
202.191 5.93e-25
202.225 5.85e-25
202.258 5.78e-25
202.292 5.71e-25
202.325 5.64e-25
202.358 5.58e-25
202.392 5.51e-25
202.425 5.44e-25
202.459 5.37e-25
202.492 5.31e-25
202.525 5.25e-25
202.559 5.18e-25
202.592 5.12e-25
202.626 5.06e-25
202.659 5.0e-25
202.692 4.93e-25
202.726 4.87e-25
202.759 4.82e-25
202.793 4.76e-25
202.826 4.7e-25
202.859 4.64e-25
202.893 4.59e-25
202.926 4.53e-25
202.96 4.48e-25
202.993 4.42e-25
203.026 4.37e-25
203.06 4.31e-25
203.093 4.26e-25
203.127 4.21e-25
203.16 4.16e-25
203.193 4.11e-25
203.227 4.06e-25
203.26 4.01e-25
203.294 3.96e-25
203.327 3.91e-25
203.36 3.87e-25
203.394 3.82e-25
203.427 3.77e-25
203.461 3.73e-25
203.494 3.68e-25
203.527 3.64e-25
203.561 3.59e-25
203.594 3.55e-25
203.628 3.51e-25
203.661 3.46e-25
203.694 3.42e-25
203.728 3.38e-25
203.761 3.34e-25
203.795 3.3e-25
203.828 3.26e-25
203.861 3.22e-25
203.895 3.18e-25
203.928 3.14e-25
203.962 3.1e-25
203.995 3.07e-25
204.028 3.03e-25
204.062 2.99e-25
204.095 2.96e-25
204.129 2.92e-25
204.162 2.88e-25
204.195 2.85e-25
204.229 2.81e-25
204.262 2.78e-25
204.296 2.75e-25
204.329 2.71e-25
204.362 2.68e-25
204.396 2.65e-25
204.429 2.62e-25
204.463 2.58e-25
204.496 2.55e-25
204.529 2.52e-25
204.563 2.49e-25
204.596 2.46e-25
204.63 2.43e-25
204.663 2.4e-25
204.696 2.37e-25
204.73 2.34e-25
204.763 2.32e-25
204.797 2.29e-25
204.83 2.26e-25
204.863 2.23e-25
204.897 2.21e-25
204.93 2.18e-25
204.964 2.15e-25
204.997 2.13e-25
205.03 2.1e-25
205.064 2.07e-25
205.097 2.05e-25
205.131 2.02e-25
205.164 2.0e-25
205.197 1.98e-25
205.231 1.95e-25
205.264 1.93e-25
205.298 1.9e-25
205.331 1.88e-25
205.364 1.86e-25
205.398 1.84e-25
205.431 1.81e-25
205.465 1.79e-25
205.498 1.77e-25
205.531 1.75e-25
205.565 1.73e-25
205.598 1.71e-25
205.632 1.69e-25
205.665 1.67e-25
205.698 1.65e-25
205.732 1.63e-25
205.765 1.61e-25
205.799 1.59e-25
205.832 1.57e-25
205.865 1.55e-25
205.899 1.53e-25
205.932 1.51e-25
205.966 1.49e-25
205.999 1.47e-25
206.032 1.46e-25
206.066 1.44e-25
206.099 1.42e-25
206.133 1.4e-25
206.166 1.39e-25
206.199 1.37e-25
206.233 1.35e-25
206.266 1.34e-25
206.3 1.32e-25
206.333 1.3e-25
206.366 1.29e-25
206.4 1.27e-25
206.433 1.26e-25
206.467 1.24e-25
206.5 1.23e-25
206.533 1.21e-25
206.567 1.2e-25
206.6 1.18e-25
206.634 1.17e-25
206.667 1.15e-25
206.7 1.14e-25
206.734 1.13e-25
206.767 1.11e-25
206.801 1.1e-25
206.834 1.09e-25
206.867 1.07e-25
206.901 1.06e-25
206.934 1.05e-25
206.968 1.03e-25
207.001 1.02e-25
207.034 1.01e-25
207.068 9.98e-26
207.101 9.85e-26
207.135 9.74e-26
207.168 9.62e-26
207.201 9.5e-26
207.235 9.39e-26
207.268 9.27e-26
207.302 9.16e-26
207.335 9.05e-26
207.368 8.94e-26
207.402 8.83e-26
207.435 8.72e-26
207.469 8.62e-26
207.502 8.51e-26
207.535 8.41e-26
207.569 8.31e-26
207.602 8.21e-26
207.636 8.11e-26
207.669 8.01e-26
207.702 7.91e-26
207.736 7.82e-26
207.769 7.72e-26
207.803 7.63e-26
207.836 7.53e-26
207.869 7.44e-26
207.903 7.35e-26
207.936 7.26e-26
207.97 7.18e-26
208.003 7.09e-26
208.036 7.0e-26
208.07 6.92e-26
208.103 6.83e-26
208.137 6.75e-26
208.17 6.67e-26
208.203 6.59e-26
208.237 6.51e-26
208.27 6.43e-26
208.304 6.35e-26
208.337 6.27e-26
208.37 6.2e-26
208.404 6.12e-26
208.437 6.05e-26
208.471 5.97e-26
208.504 5.9e-26
208.537 5.83e-26
208.571 5.76e-26
208.604 5.69e-26
208.638 5.62e-26
208.671 5.55e-26
208.704 5.49e-26
208.738 5.42e-26
208.771 5.35e-26
208.805 5.29e-26
208.838 5.22e-26
208.871 5.16e-26
208.905 5.1e-26
208.938 5.04e-26
208.972 4.98e-26
209.005 4.92e-26
209.038 4.86e-26
209.072 4.8e-26
209.105 4.74e-26
209.139 4.68e-26
209.172 4.62e-26
209.205 4.56e-26
209.239 4.5e-26
209.272 4.45e-26
209.306 4.39e-26
209.339 4.33e-26
209.372 4.28e-26
209.406 4.22e-26
209.439 4.17e-26
209.473 4.11e-26
209.506 4.06e-26
209.539 4.01e-26
209.573 3.96e-26
209.606 3.91e-26
209.64 3.86e-26
209.673 3.81e-26
209.706 3.76e-26
209.74 3.71e-26
209.773 3.66e-26
209.807 3.62e-26
209.84 3.57e-26
209.873 3.52e-26
209.907 3.48e-26
209.94 3.43e-26
209.974 3.39e-26
210.007 3.35e-26
210.04 3.3e-26
210.074 3.26e-26
210.107 3.22e-26
210.141 3.18e-26
210.174 3.14e-26
210.207 3.1e-26
210.241 3.06e-26
210.274 3.02e-26
210.308 2.98e-26
210.341 2.94e-26
210.374 2.9e-26
210.408 2.87e-26
210.441 2.83e-26
210.475 2.79e-26
210.508 2.76e-26
210.541 2.72e-26
210.575 2.69e-26
210.608 2.65e-26
210.642 2.62e-26
210.675 2.59e-26
210.708 2.55e-26
210.742 2.52e-26
210.775 2.49e-26
210.809 2.46e-26
210.842 2.42e-26
210.875 2.39e-26
210.909 2.36e-26
210.942 2.33e-26
210.976 2.3e-26
211.009 2.27e-26
211.042 2.24e-26
211.076 2.22e-26
211.109 2.19e-26
211.143 2.16e-26
211.176 2.13e-26
211.209 2.1e-26
211.243 2.08e-26
211.276 2.05e-26
211.31 2.02e-26
211.343 2.0e-26
211.376 1.97e-26
211.41 1.95e-26
211.443 1.92e-26
211.477 1.9e-26
211.51 1.87e-26
211.543 1.85e-26
211.577 1.83e-26
211.61 1.8e-26
211.644 1.78e-26
211.677 1.76e-26
211.71 1.73e-26
211.744 1.71e-26
211.777 1.69e-26
211.811 1.67e-26
211.844 1.65e-26
211.877 1.63e-26
211.911 1.61e-26
211.944 1.58e-26
211.978 1.56e-26
212.011 1.54e-26
212.044 1.52e-26
212.078 1.5e-26
212.111 1.49e-26
212.145 1.47e-26
212.178 1.45e-26
212.211 1.43e-26
212.245 1.41e-26
212.278 1.39e-26
212.312 1.38e-26
212.345 1.36e-26
212.378 1.34e-26
212.412 1.32e-26
212.445 1.31e-26
212.479 1.29e-26
212.512 1.27e-26
212.545 1.26e-26
212.579 1.24e-26
212.612 1.22e-26
212.646 1.21e-26
212.679 1.19e-26
212.712 1.18e-26
212.746 1.16e-26
212.779 1.15e-26
212.813 1.13e-26
212.846 1.12e-26
212.879 1.1e-26
212.913 1.09e-26
212.946 1.08e-26
212.98 1.06e-26
213.013 1.05e-26
213.046 1.04e-26
213.08 1.02e-26
213.113 1.01e-26
213.147 9.96e-27
213.18 9.83e-27
213.213 9.71e-27
213.247 9.58e-27
213.28 9.46e-27
213.314 9.34e-27
213.347 9.22e-27
213.38 9.1e-27
213.414 8.99e-27
213.447 8.87e-27
213.481 8.76e-27
213.514 8.64e-27
213.547 8.53e-27
213.581 8.42e-27
213.614 8.32e-27
213.648 8.21e-27
213.681 8.1e-27
213.714 8.0e-27
213.748 7.9e-27
213.781 7.8e-27
213.815 7.7e-27
213.848 7.6e-27
213.881 7.5e-27
213.915 7.41e-27
213.948 7.31e-27
213.982 7.22e-27
214.015 7.12e-27
214.048 7.03e-27
214.082 6.94e-27
214.115 6.85e-27
214.149 6.77e-27
214.182 6.68e-27
214.215 6.59e-27
214.249 6.51e-27
214.282 6.43e-27
214.316 6.34e-27
214.349 6.26e-27
214.382 6.18e-27
214.416 6.1e-27
214.449 6.02e-27
214.483 5.95e-27
214.516 5.87e-27
214.549 5.8e-27
214.583 5.72e-27
214.616 5.65e-27
214.65 5.58e-27
214.683 5.5e-27
214.716 5.43e-27
214.75 5.36e-27
214.783 5.3e-27
214.817 5.23e-27
214.85 5.16e-27
214.883 5.1e-27
214.917 5.03e-27
214.95 4.97e-27
214.984 4.9e-27
215.017 4.84e-27
215.05 4.78e-27
215.084 4.72e-27
215.117 4.66e-27
215.151 4.6e-27
215.184 4.54e-27
215.217 4.48e-27
215.251 4.42e-27
215.284 4.36e-27
215.318 4.31e-27
215.351 4.25e-27
215.384 4.2e-27
215.418 4.15e-27
215.451 4.09e-27
215.485 4.04e-27
215.518 3.99e-27
215.551 3.94e-27
215.585 3.89e-27
215.618 3.84e-27
215.652 3.79e-27
215.685 3.74e-27
215.718 3.69e-27
215.752 3.64e-27
215.785 3.6e-27
215.819 3.55e-27
215.852 3.51e-27
215.885 3.46e-27
215.919 3.42e-27
215.952 3.37e-27
215.986 3.33e-27
216.019 3.29e-27
216.052 3.24e-27
216.086 3.2e-27
216.119 3.16e-27
216.153 3.12e-27
216.186 3.08e-27
216.219 3.04e-27
216.253 3.0e-27
216.286 2.96e-27
216.32 2.93e-27
216.353 2.89e-27
216.386 2.85e-27
216.42 2.82e-27
216.453 2.78e-27
216.487 2.74e-27
216.52 2.71e-27
216.553 2.67e-27
216.587 2.64e-27
216.62 2.61e-27
216.654 2.57e-27
216.687 2.54e-27
216.72 2.51e-27
216.754 2.48e-27
216.787 2.44e-27
216.821 2.41e-27
216.854 2.38e-27
216.887 2.35e-27
216.921 2.32e-27
216.954 2.29e-27
216.988 2.26e-27
217.021 2.23e-27
217.054 2.2e-27
217.088 2.18e-27
217.121 2.15e-27
217.155 2.12e-27
217.188 2.09e-27
217.221 2.07e-27
217.255 2.04e-27
217.288 2.01e-27
217.322 1.99e-27
217.355 1.96e-27
217.388 1.94e-27
217.422 1.91e-27
217.455 1.89e-27
217.489 1.86e-27
217.522 1.84e-27
217.555 1.82e-27
217.589 1.79e-27
217.622 1.77e-27
217.656 1.75e-27
217.689 1.72e-27
217.722 1.7e-27
217.756 1.68e-27
217.789 1.66e-27
217.823 1.63e-27
217.856 1.61e-27
217.889 1.59e-27
217.923 1.57e-27
217.956 1.55e-27
217.99 1.53e-27
218.023 1.5e-27
218.056 1.48e-27
218.09 1.46e-27
218.123 1.44e-27
218.157 1.42e-27
218.19 1.41e-27
218.223 1.39e-27
218.257 1.37e-27
218.29 1.35e-27
218.324 1.33e-27
218.357 1.31e-27
218.39 1.29e-27
218.424 1.28e-27
218.457 1.26e-27
218.491 1.24e-27
218.524 1.23e-27
218.557 1.21e-27
218.591 1.19e-27
218.624 1.18e-27
218.658 1.16e-27
218.691 1.15e-27
218.724 1.13e-27
218.758 1.11e-27
218.791 1.1e-27
218.825 1.08e-27
218.858 1.07e-27
218.891 1.06e-27
218.925 1.04e-27
218.958 1.03e-27
218.992 1.01e-27
219.025 9.99e-28
219.058 9.86e-28
219.092 9.72e-28
219.125 9.59e-28
219.159 9.46e-28
219.192 9.33e-28
219.225 9.21e-28
219.259 9.08e-28
219.292 8.96e-28
219.326 8.84e-28
219.359 8.72e-28
219.392 8.6e-28
219.426 8.48e-28
219.459 8.37e-28
219.493 8.26e-28
219.526 8.14e-28
219.559 8.03e-28
219.593 7.93e-28
219.626 7.82e-28
219.66 7.71e-28
219.693 7.61e-28
219.726 7.5e-28
219.76 7.4e-28
219.793 7.3e-28
219.827 7.2e-28
219.86 7.11e-28
219.893 7.01e-28
219.927 6.92e-28
219.96 6.82e-28
219.994 6.73e-28
220.027 6.64e-28
220.06 6.55e-28
220.094 6.46e-28
220.127 6.37e-28
220.161 6.29e-28
220.194 6.2e-28
220.227 6.12e-28
220.261 6.03e-28
220.294 5.95e-28
220.328 5.87e-28
220.361 5.79e-28
220.394 5.71e-28
220.428 5.64e-28
220.461 5.56e-28
220.495 5.48e-28
220.528 5.41e-28
220.561 5.34e-28
220.595 5.26e-28
220.628 5.19e-28
220.662 5.12e-28
220.695 5.05e-28
220.728 4.99e-28
220.762 4.92e-28
220.795 4.85e-28
220.829 4.79e-28
220.862 4.72e-28
220.895 4.66e-28
220.929 4.59e-28
220.962 4.53e-28
220.996 4.47e-28
221.029 4.41e-28
221.062 4.35e-28
221.096 4.29e-28
221.129 4.23e-28
221.163 4.18e-28
221.196 4.12e-28
221.229 4.06e-28
221.263 4.01e-28
221.296 3.95e-28
221.33 3.9e-28
221.363 3.85e-28
221.396 3.8e-28
221.43 3.74e-28
221.463 3.69e-28
221.497 3.64e-28
221.53 3.59e-28
221.563 3.55e-28
221.597 3.5e-28
221.63 3.45e-28
221.664 3.4e-28
221.697 3.36e-28
221.73 3.31e-28
221.764 3.27e-28
221.797 3.22e-28
221.831 3.18e-28
221.864 3.14e-28
221.897 3.09e-28
221.931 3.05e-28
221.964 3.01e-28
221.998 2.97e-28
222.031 2.93e-28
222.064 2.89e-28
222.098 2.85e-28
222.131 2.81e-28
222.165 2.77e-28
222.198 2.74e-28
222.231 2.7e-28
222.265 2.66e-28
222.298 2.63e-28
222.332 2.59e-28
222.365 2.56e-28
222.398 2.52e-28
222.432 2.49e-28
222.465 2.45e-28
222.499 2.42e-28
222.532 2.39e-28
222.565 2.35e-28
222.599 2.32e-28
222.632 2.29e-28
222.666 2.26e-28
222.699 2.23e-28
222.732 2.2e-28
222.766 2.17e-28
222.799 2.14e-28
222.833 2.11e-28
222.866 2.08e-28
222.899 2.05e-28
222.933 2.03e-28
222.966 2.0e-28
223.0 1.97e-28
223.033 1.95e-28
223.066 1.92e-28
223.1 1.89e-28
223.133 1.87e-28
223.167 1.84e-28
223.2 1.82e-28
223.233 1.79e-28
223.267 1.77e-28
223.3 1.74e-28
223.334 1.72e-28
223.367 1.7e-28
223.4 1.67e-28
223.434 1.65e-28
223.467 1.63e-28
223.501 1.61e-28
223.534 1.59e-28
223.567 1.56e-28
223.601 1.54e-28
223.634 1.52e-28
223.668 1.5e-28
223.701 1.48e-28
223.734 1.46e-28
223.768 1.44e-28
223.801 1.42e-28
223.835 1.4e-28
223.868 1.38e-28
223.901 1.36e-28
223.935 1.35e-28
223.968 1.33e-28
224.002 1.31e-28
224.035 1.29e-28
224.068 1.27e-28
224.102 1.26e-28
224.135 1.24e-28
224.169 1.22e-28
224.202 1.21e-28
224.235 1.19e-28
224.269 1.17e-28
224.302 1.16e-28
224.336 1.14e-28
224.369 1.13e-28
224.402 1.11e-28
224.436 1.1e-28
224.469 1.08e-28
224.503 1.07e-28
224.536 1.05e-28
224.569 1.04e-28
224.603 1.02e-28
224.636 1.01e-28
224.67 9.97e-29
224.703 9.84e-29
224.736 9.71e-29
224.77 9.57e-29
224.803 9.44e-29
224.837 9.32e-29
224.87 9.19e-29
224.903 9.07e-29
224.937 8.94e-29
224.97 8.82e-29
225.004 8.7e-29
225.037 8.58e-29
225.07 8.47e-29
225.104 8.35e-29
225.137 8.24e-29
225.171 8.13e-29
225.204 8.02e-29
225.237 7.91e-29
225.271 7.8e-29
225.304 7.7e-29
225.338 7.59e-29
225.371 7.49e-29
225.404 7.39e-29
225.438 7.29e-29
225.471 7.19e-29
225.505 7.09e-29
225.538 7.0e-29
225.571 6.9e-29
225.605 6.81e-29
225.638 6.72e-29
225.672 6.63e-29
225.705 6.54e-29
225.738 6.45e-29
225.772 6.36e-29
225.805 6.27e-29
225.839 6.19e-29
225.872 6.1e-29
225.905 6.02e-29
225.939 5.94e-29
225.972 5.86e-29
226.006 5.78e-29
226.039 5.7e-29
226.072 5.63e-29
226.106 5.55e-29
226.139 5.47e-29
226.173 5.4e-29
226.206 5.33e-29
226.239 5.25e-29
226.273 5.17e-29
226.306 5.1e-29
226.34 5.03e-29
226.373 4.96e-29
226.406 4.89e-29
226.44 4.82e-29
226.473 4.75e-29
226.507 4.68e-29
226.54 4.61e-29
226.573 4.55e-29
226.607 4.48e-29
226.64 4.42e-29
226.674 4.35e-29
226.707 4.29e-29
226.74 4.23e-29
226.774 4.17e-29
226.807 4.11e-29
226.841 4.05e-29
226.874 3.99e-29
226.907 3.94e-29
226.941 3.88e-29
226.974 3.82e-29
227.008 3.77e-29
227.041 3.72e-29
227.074 3.66e-29
227.108 3.61e-29
227.141 3.56e-29
227.175 3.51e-29
227.208 3.46e-29
227.241 3.41e-29
227.275 3.36e-29
227.308 3.31e-29
227.342 3.26e-29
227.375 3.22e-29
227.408 3.17e-29
227.442 3.13e-29
227.475 3.08e-29
227.509 3.04e-29
227.542 2.99e-29
227.575 2.95e-29
227.609 2.91e-29
227.642 2.87e-29
227.676 2.83e-29
227.709 2.79e-29
227.742 2.75e-29
227.776 2.71e-29
227.809 2.67e-29
227.843 2.63e-29
227.876 2.59e-29
227.909 2.56e-29
227.943 2.52e-29
227.976 2.48e-29
228.01 2.45e-29
228.043 2.41e-29
228.076 2.38e-29
228.11 2.34e-29
228.143 2.31e-29
228.177 2.28e-29
228.21 2.25e-29
228.243 2.21e-29
228.277 2.18e-29
228.31 2.15e-29
228.344 2.12e-29
228.377 2.09e-29
228.41 2.06e-29
228.444 2.03e-29
228.477 2.0e-29
228.511 1.97e-29
228.544 1.94e-29
228.577 1.92e-29
228.611 1.89e-29
228.644 1.86e-29
228.678 1.84e-29
228.711 1.81e-29
228.744 1.78e-29
228.778 1.76e-29
228.811 1.73e-29
228.845 1.71e-29
228.878 1.68e-29
228.911 1.66e-29
228.945 1.64e-29
228.978 1.61e-29
229.012 1.59e-29
229.045 1.57e-29
229.078 1.54e-29
229.112 1.52e-29
229.145 1.5e-29
229.179 1.48e-29
229.212 1.46e-29
229.245 1.44e-29
229.279 1.42e-29
229.312 1.4e-29
229.346 1.38e-29
229.379 1.36e-29
229.412 1.34e-29
229.446 1.32e-29
229.479 1.3e-29
229.513 1.28e-29
229.546 1.26e-29
229.579 1.24e-29
229.613 1.23e-29
229.646 1.21e-29
229.68 1.19e-29
229.713 1.17e-29
229.746 1.16e-29
229.78 1.14e-29
229.813 1.13e-29
229.847 1.11e-29
229.88 1.09e-29
229.913 1.08e-29
229.947 1.06e-29
229.98 1.05e-29
230.014 1.03e-29
230.047 1.02e-29
230.08 1.0e-29
230.114 9.88e-30
230.147 9.74e-30
230.181 9.6e-30
230.214 9.47e-30
230.247 9.33e-30
230.281 9.2e-30
230.314 9.07e-30
230.348 8.94e-30
230.381 8.81e-30
230.414 8.68e-30
230.448 8.56e-30
230.481 8.44e-30
230.515 8.32e-30
230.548 8.2e-30
230.581 8.08e-30
230.615 7.97e-30
230.648 7.85e-30
230.682 7.74e-30
230.715 7.63e-30
230.748 7.52e-30
230.782 7.41e-30
230.815 7.31e-30
230.849 7.2e-30
230.882 7.1e-30
230.915 7.0e-30
230.949 6.9e-30
230.982 6.8e-30
231.016 6.7e-30
231.049 6.61e-30
231.082 6.51e-30
231.116 6.42e-30
231.149 6.33e-30
231.183 6.24e-30
231.216 6.15e-30
231.249 6.06e-30
231.283 5.97e-30
231.316 5.89e-30
231.35 5.8e-30
231.383 5.72e-30
231.416 5.64e-30
231.45 5.56e-30
231.483 5.48e-30
231.517 5.4e-30
231.55 5.32e-30
231.583 5.25e-30
231.617 5.17e-30
231.65 5.1e-30
231.684 5.03e-30
231.717 4.95e-30
231.75 4.88e-30
231.784 4.81e-30
231.817 4.74e-30
231.851 4.68e-30
231.884 4.61e-30
231.917 4.54e-30
231.951 4.48e-30
231.984 4.41e-30
232.018 4.35e-30
232.051 4.29e-30
232.084 4.23e-30
232.118 4.17e-30
232.151 4.11e-30
232.185 4.05e-30
232.218 3.99e-30
232.251 3.93e-30
232.285 3.88e-30
232.318 3.82e-30
232.352 3.77e-30
232.385 3.71e-30
232.418 3.66e-30
232.452 3.61e-30
232.485 3.56e-30
232.519 3.51e-30
232.552 3.46e-30
232.585 3.41e-30
232.619 3.36e-30
232.652 3.31e-30
232.686 3.26e-30
232.719 3.22e-30
232.752 3.17e-30
232.786 3.12e-30
232.819 3.08e-30
232.853 3.04e-30
232.886 2.99e-30
232.919 2.95e-30
232.953 2.91e-30
232.986 2.87e-30
233.02 2.83e-30
233.053 2.78e-30
233.086 2.75e-30
233.12 2.71e-30
233.153 2.67e-30
233.187 2.63e-30
233.22 2.59e-30
233.253 2.55e-30
233.287 2.52e-30
233.32 2.48e-30
233.354 2.45e-30
233.387 2.41e-30
233.42 2.38e-30
233.454 2.34e-30
233.487 2.31e-30
233.521 2.28e-30
233.554 2.24e-30
233.587 2.21e-30
233.621 2.18e-30
233.654 2.15e-30
233.688 2.12e-30
233.721 2.09e-30
233.754 2.06e-30
233.788 2.03e-30
233.821 2.0e-30
233.855 1.97e-30
233.888 1.94e-30
233.921 1.92e-30
233.955 1.89e-30
233.988 1.86e-30
234.022 1.83e-30
234.055 1.81e-30
234.088 1.78e-30
234.122 1.76e-30
234.155 1.73e-30
234.189 1.71e-30
234.222 1.68e-30
234.255 1.66e-30
234.289 1.63e-30
234.322 1.61e-30
234.356 1.59e-30
234.389 1.57e-30
234.422 1.54e-30
234.456 1.52e-30
234.489 1.5e-30
234.523 1.48e-30
234.556 1.46e-30
234.589 1.44e-30
234.623 1.42e-30
234.656 1.4e-30
234.69 1.38e-30
234.723 1.36e-30
234.756 1.34e-30
234.79 1.32e-30
234.823 1.3e-30
234.857 1.28e-30
234.89 1.26e-30
234.923 1.24e-30
234.957 1.22e-30
234.99 1.2e-30
235.024 1.18e-30
235.057 1.16e-30
235.09 1.15e-30
235.124 1.13e-30
235.157 1.11e-30
235.191 1.1e-30
235.224 1.08e-30
235.257 1.06e-30
235.291 1.05e-30
235.324 1.03e-30
235.358 1.02e-30
235.391 1.0e-30
235.424 9.85e-31
235.458 9.7e-31
235.491 9.56e-31
235.525 9.41e-31
235.558 9.27e-31
235.591 9.13e-31
235.625 8.99e-31
235.658 8.86e-31
235.692 8.72e-31
235.725 8.59e-31
235.758 8.46e-31
235.792 8.33e-31
235.825 8.21e-31
235.859 8.08e-31
235.892 7.96e-31
235.925 7.84e-31
235.959 7.72e-31
235.992 7.6e-31
236.026 7.49e-31
236.059 7.38e-31
236.092 7.27e-31
236.126 7.16e-31
236.159 7.05e-31
236.193 6.94e-31
236.226 6.84e-31
236.259 6.73e-31
236.293 6.63e-31
236.326 6.53e-31
236.36 6.43e-31
236.393 6.33e-31
236.426 6.24e-31
236.46 6.14e-31
236.493 6.05e-31
236.527 5.96e-31
236.56 5.87e-31
236.593 5.78e-31
236.627 5.69e-31
236.66 5.61e-31
236.694 5.52e-31
236.727 5.44e-31
236.76 5.36e-31
236.794 5.28e-31
236.827 5.2e-31
236.861 5.12e-31
236.894 5.04e-31
236.927 4.97e-31
236.961 4.89e-31
236.994 4.82e-31
237.028 4.74e-31
237.061 4.67e-31
237.094 4.6e-31
237.128 4.53e-31
237.161 4.46e-31
237.195 4.4e-31
237.228 4.33e-31
237.261 4.26e-31
237.295 4.2e-31
237.328 4.14e-31
237.362 4.07e-31
237.395 4.01e-31
237.428 3.95e-31
237.462 3.89e-31
237.495 3.83e-31
237.529 3.77e-31
237.562 3.72e-31
237.595 3.66e-31
237.629 3.61e-31
237.662 3.55e-31
237.696 3.5e-31
237.729 3.45e-31
237.762 3.39e-31
237.796 3.34e-31
237.829 3.29e-31
237.863 3.24e-31
237.896 3.19e-31
237.929 3.14e-31
237.963 3.1e-31
237.996 3.05e-31
238.03 3.0e-31
238.063 2.96e-31
238.096 2.91e-31
238.13 2.87e-31
238.163 2.83e-31
238.197 2.78e-31
238.23 2.74e-31
238.263 2.7e-31
238.297 2.66e-31
238.33 2.62e-31
238.364 2.58e-31
238.397 2.54e-31
238.43 2.5e-31
238.464 2.46e-31
238.497 2.43e-31
238.531 2.39e-31
238.564 2.35e-31
238.597 2.32e-31
238.631 2.28e-31
238.664 2.25e-31
238.698 2.22e-31
238.731 2.18e-31
238.764 2.15e-31
238.798 2.12e-31
238.831 2.08e-31
238.865 2.05e-31
238.898 2.02e-31
238.931 1.99e-31
238.965 1.96e-31
238.998 1.93e-31
239.032 1.9e-31
239.065 1.87e-31
239.098 1.85e-31
239.132 1.82e-31
239.165 1.79e-31
239.199 1.76e-31
239.232 1.74e-31
239.265 1.71e-31
239.299 1.68e-31
239.332 1.66e-31
239.366 1.63e-31
239.399 1.61e-31
239.432 1.58e-31
239.466 1.56e-31
239.499 1.54e-31
239.533 1.51e-31
239.566 1.49e-31
239.599 1.47e-31
239.633 1.45e-31
239.666 1.42e-31
239.7 1.4e-31
239.733 1.38e-31
239.766 1.36e-31
239.8 1.34e-31
239.833 1.32e-31
239.867 1.3e-31
239.9 1.28e-31
239.933 1.26e-31
239.967 1.24e-31
240.0 1.22e-31
240.034 1.2e-31
240.067 1.19e-31
240.1 1.17e-31
240.134 1.15e-31
240.167 1.13e-31
240.201 1.12e-31
240.234 1.1e-31
240.267 1.08e-31
240.301 1.07e-31
240.334 1.05e-31
240.368 1.03e-31
240.401 1.02e-31
240.434 1.0e-31
240.468 9.89e-32
240.501 9.74e-32
240.535 9.59e-32
240.568 9.44e-32
240.601 9.3e-32
240.635 9.16e-32
240.668 9.02e-32
240.702 8.89e-32
240.735 8.75e-32
240.768 8.62e-32
240.802 8.49e-32
240.835 8.36e-32
240.869 8.23e-32
240.902 8.11e-32
240.935 7.99e-32
240.969 7.87e-32
241.002 7.75e-32
241.036 7.63e-32
241.069 7.52e-32
241.102 7.4e-32
241.136 7.29e-32
241.169 7.18e-32
241.203 7.07e-32
241.236 6.96e-32
241.269 6.86e-32
241.303 6.76e-32
241.336 6.65e-32
241.37 6.55e-32
241.403 6.45e-32
241.436 6.36e-32
241.47 6.26e-32
241.503 6.17e-32
241.537 6.07e-32
241.57 5.98e-32
241.603 5.89e-32
241.637 5.8e-32
241.67 5.71e-32
241.704 5.63e-32
241.737 5.54e-32
241.77 5.46e-32
241.804 5.38e-32
241.837 5.3e-32
241.871 5.22e-32
241.904 5.14e-32
241.937 5.06e-32
241.971 4.98e-32
242.004 4.91e-32
242.038 4.83e-32
242.071 4.76e-32
242.104 4.69e-32
242.138 4.62e-32
242.171 4.55e-32
242.205 4.48e-32
242.238 4.41e-32
242.271 4.34e-32
242.305 4.28e-32
242.338 4.21e-32
242.372 4.15e-32
242.405 4.09e-32
242.438 4.03e-32
242.472 3.97e-32
242.505 3.91e-32
242.539 3.85e-32
242.572 3.79e-32
242.605 3.73e-32
242.639 3.67e-32
242.672 3.62e-32
242.706 3.56e-32
242.739 3.51e-32
242.772 3.46e-32
242.806 3.41e-32
242.839 3.35e-32
242.873 3.3e-32
242.906 3.25e-32
242.939 3.2e-32
242.973 3.16e-32
243.006 3.11e-32
243.04 3.06e-32
243.073 3.01e-32
243.106 2.97e-32
243.14 2.92e-32
243.173 2.88e-32
243.207 2.84e-32
243.24 2.79e-32
243.273 2.75e-32
243.307 2.71e-32
243.34 2.66e-32
243.374 2.62e-32
243.407 2.58e-32
243.44 2.54e-32
243.474 2.5e-32
243.507 2.46e-32
243.541 2.42e-32
243.574 2.38e-32
243.607 2.34e-32
243.641 2.31e-32
243.674 2.27e-32
243.708 2.23e-32
243.741 2.2e-32
243.774 2.16e-32
243.808 2.13e-32
243.841 2.09e-32
243.875 2.06e-32
243.908 2.03e-32
243.941 1.99e-32
243.975 1.96e-32
244.008 1.93e-32
244.042 1.9e-32
244.075 1.87e-32
244.108 1.84e-32
244.142 1.81e-32
244.175 1.78e-32
244.209 1.75e-32
244.242 1.73e-32
244.275 1.7e-32
244.309 1.67e-32
244.342 1.64e-32
244.376 1.62e-32
244.409 1.59e-32
244.442 1.57e-32
244.476 1.54e-32
244.509 1.52e-32
244.543 1.49e-32
244.576 1.47e-32
244.609 1.45e-32
244.643 1.42e-32
244.676 1.4e-32
244.71 1.38e-32
244.743 1.36e-32
244.776 1.33e-32
244.81 1.31e-32
244.843 1.29e-32
244.877 1.27e-32
244.91 1.25e-32
244.943 1.23e-32
244.977 1.21e-32
245.01 1.19e-32
245.044 1.17e-32
245.077 1.16e-32
245.11 1.14e-32
245.144 1.12e-32
245.177 1.1e-32
245.211 1.08e-32
245.244 1.07e-32
245.277 1.05e-32
245.311 1.03e-32
245.344 1.02e-32
245.378 10.0e-33
245.411 9.84e-33
245.444 9.68e-33
245.478 9.53e-33
245.511 9.37e-33
245.545 9.22e-33
245.578 9.08e-33
245.611 8.93e-33
245.645 8.79e-33
245.678 8.65e-33
245.712 8.51e-33
245.745 8.38e-33
245.778 8.24e-33
245.812 8.11e-33
245.845 7.98e-33
245.879 7.86e-33
245.912 7.73e-33
245.945 7.61e-33
245.979 7.49e-33
246.012 7.37e-33
246.046 7.25e-33
246.079 7.13e-33
246.112 7.02e-33
246.146 6.91e-33
246.179 6.8e-33
246.213 6.69e-33
246.246 6.58e-33
246.279 6.48e-33
246.313 6.37e-33
246.346 6.27e-33
246.38 6.17e-33
246.413 6.07e-33
246.446 5.98e-33
246.48 5.88e-33
246.513 5.79e-33
246.547 5.7e-33
246.58 5.61e-33
246.613 5.52e-33
246.647 5.43e-33
246.68 5.34e-33
246.714 5.26e-33
246.747 5.17e-33
246.78 5.09e-33
246.814 5.01e-33
246.847 4.93e-33
246.881 4.85e-33
246.914 4.77e-33
246.947 4.7e-33
246.981 4.62e-33
247.014 4.55e-33
247.048 4.48e-33
247.081 4.4e-33
247.114 4.33e-33
247.148 4.27e-33
247.181 4.2e-33
247.215 4.13e-33
247.248 4.06e-33
247.281 4.0e-33
247.315 3.94e-33
247.348 3.87e-33
247.382 3.81e-33
247.415 3.75e-33
247.448 3.69e-33
247.482 3.63e-33
247.515 3.57e-33
247.549 3.52e-33
247.582 3.46e-33
247.615 3.41e-33
247.649 3.35e-33
247.682 3.3e-33
247.716 3.25e-33
247.749 3.19e-33
247.782 3.14e-33
247.816 3.09e-33
247.849 3.04e-33
247.883 3.0e-33
247.916 2.95e-33
247.949 2.9e-33
247.983 2.85e-33
248.016 2.81e-33
248.05 2.76e-33
248.083 2.72e-33
248.116 2.68e-33
248.15 2.63e-33
248.183 2.59e-33
248.217 2.55e-33
248.25 2.51e-33
248.283 2.47e-33
248.317 2.43e-33
248.35 2.39e-33
248.384 2.35e-33
248.417 2.32e-33
248.45 2.28e-33
248.484 2.24e-33
248.517 2.21e-33
248.551 2.17e-33
248.584 2.14e-33
248.617 2.1e-33
248.651 2.07e-33
248.684 2.04e-33
248.718 2.0e-33
248.751 1.97e-33
248.784 1.94e-33
248.818 1.91e-33
248.851 1.88e-33
248.885 1.85e-33
248.918 1.82e-33
248.951 1.79e-33
248.985 1.76e-33
249.018 1.73e-33
249.052 1.71e-33
249.085 1.68e-33
249.118 1.65e-33
249.152 1.63e-33
249.185 1.6e-33
249.219 1.58e-33
249.252 1.55e-33
249.285 1.53e-33
249.319 1.5e-33
249.352 1.48e-33
249.386 1.45e-33
249.419 1.43e-33
249.452 1.41e-33
249.486 1.39e-33
249.519 1.36e-33
249.553 1.34e-33
249.586 1.32e-33
249.619 1.3e-33
249.653 1.28e-33
249.686 1.26e-33
249.72 1.24e-33
249.753 1.22e-33
249.786 1.2e-33
249.82 1.18e-33
249.853 1.16e-33
249.887 1.14e-33
249.92 1.12e-33
249.953 1.11e-33
249.987 1.09e-33
250.02 1.07e-33
250.054 1.05e-33
250.087 1.04e-33
250.12 1.02e-33
250.154 1.0e-33
250.187 9.88e-34
250.221 9.73e-34
250.254 9.57e-34
250.287 9.42e-34
250.321 9.27e-34
250.354 9.12e-34
250.388 8.98e-34
250.421 8.83e-34
250.454 8.69e-34
250.488 8.55e-34
250.521 8.42e-34
250.555 8.28e-34
250.588 8.15e-34
250.621 8.02e-34
250.655 7.89e-34
250.688 7.77e-34
250.722 7.64e-34
250.755 7.52e-34
250.788 7.4e-34
250.822 7.28e-34
250.855 7.17e-34
250.889 7.05e-34
250.922 6.94e-34
250.955 6.83e-34
250.989 6.72e-34
251.022 6.61e-34
251.056 6.51e-34
251.089 6.41e-34
251.122 6.3e-34
251.156 6.2e-34
251.189 6.1e-34
251.223 6.01e-34
251.256 5.91e-34
251.289 5.82e-34
251.323 5.72e-34
251.356 5.63e-34
251.39 5.54e-34
251.423 5.45e-34
251.456 5.37e-34
251.49 5.28e-34
251.523 5.2e-34
251.557 5.11e-34
251.59 5.03e-34
251.623 4.95e-34
251.657 4.87e-34
251.69 4.8e-34
251.724 4.72e-34
251.757 4.64e-34
251.79 4.57e-34
251.824 4.49e-34
251.857 4.42e-34
251.891 4.34e-34
251.924 4.27e-34
251.957 4.2e-34
251.991 4.13e-34
252.024 4.06e-34
252.058 3.99e-34
252.091 3.92e-34
252.124 3.86e-34
252.158 3.79e-34
252.191 3.73e-34
252.225 3.67e-34
252.258 3.6e-34
252.291 3.54e-34
252.325 3.48e-34
252.358 3.43e-34
252.392 3.37e-34
252.425 3.31e-34
252.458 3.25e-34
252.492 3.2e-34
252.525 3.15e-34
252.559 3.09e-34
252.592 3.04e-34
252.625 2.99e-34
252.659 2.94e-34
252.692 2.89e-34
252.726 2.84e-34
252.759 2.79e-34
252.792 2.75e-34
252.826 2.7e-34
252.859 2.65e-34
252.893 2.61e-34
252.926 2.57e-34
252.959 2.52e-34
252.993 2.48e-34
253.026 2.44e-34
253.06 2.4e-34
253.093 2.36e-34
253.126 2.32e-34
253.16 2.28e-34
253.193 2.24e-34
253.227 2.2e-34
253.26 2.17e-34
253.293 2.13e-34
253.327 2.09e-34
253.36 2.06e-34
253.394 2.02e-34
253.427 1.99e-34
253.46 1.96e-34
253.494 1.92e-34
253.527 1.89e-34
253.561 1.86e-34
253.594 1.83e-34
253.627 1.8e-34
253.661 1.77e-34
253.694 1.74e-34
253.728 1.71e-34
253.761 1.68e-34
253.794 1.65e-34
253.828 1.62e-34
253.861 1.59e-34
253.895 1.57e-34
253.928 1.54e-34
253.961 1.52e-34
253.995 1.49e-34
254.028 1.46e-34
254.062 1.44e-34
254.095 1.42e-34
254.128 1.39e-34
254.162 1.37e-34
254.195 1.35e-34
254.229 1.32e-34
254.262 1.3e-34
254.295 1.28e-34
254.329 1.26e-34
254.362 1.24e-34
254.396 1.22e-34
254.429 1.19e-34
254.462 1.17e-34
254.496 1.15e-34
254.529 1.14e-34
254.563 1.12e-34
254.596 1.1e-34
254.629 1.08e-34
254.663 1.06e-34
254.696 1.04e-34
254.73 1.03e-34
254.763 1.01e-34
254.796 9.91e-35
254.83 9.74e-35
254.863 9.58e-35
254.897 9.42e-35
254.93 9.26e-35
254.963 9.1e-35
254.997 8.95e-35
255.03 8.8e-35
255.064 8.65e-35
255.097 8.51e-35
255.13 8.36e-35
255.164 8.22e-35
255.197 8.08e-35
255.231 7.95e-35
255.264 7.81e-35
255.297 7.68e-35
255.331 7.55e-35
255.364 7.42e-35
255.398 7.3e-35
255.431 7.18e-35
255.464 7.06e-35
255.498 6.94e-35
255.531 6.82e-35
255.565 6.7e-35
255.598 6.59e-35
255.631 6.48e-35
255.665 6.37e-35
255.698 6.26e-35
255.732 6.16e-35
255.765 6.06e-35
255.798 5.95e-35
255.832 5.85e-35
255.865 5.75e-35
255.899 5.66e-35
255.932 5.56e-35
255.965 5.47e-35
255.999 5.38e-35
256.032 5.29e-35
256.066 5.2e-35
256.099 5.11e-35
256.132 5.02e-35
256.166 4.94e-35
256.199 4.86e-35
256.233 4.77e-35
256.266 4.69e-35
256.299 4.61e-35
256.333 4.54e-35
256.366 4.46e-35
256.4 4.38e-35
256.433 4.31e-35
256.466 4.24e-35
256.5 4.17e-35
256.533 4.1e-35
256.567 4.03e-35
256.6 3.96e-35
256.633 3.89e-35
256.667 3.83e-35
256.7 3.76e-35
256.734 3.7e-35
256.767 3.64e-35
256.8 3.58e-35
256.834 3.52e-35
256.867 3.46e-35
256.901 3.4e-35
256.934 3.34e-35
256.967 3.28e-35
257.001 3.23e-35
257.034 3.18e-35
257.068 3.12e-35
257.101 3.07e-35
257.134 3.02e-35
257.168 2.97e-35
257.201 2.92e-35
257.235 2.87e-35
257.268 2.82e-35
257.301 2.77e-35
257.335 2.72e-35
257.368 2.68e-35
257.402 2.63e-35
257.435 2.59e-35
257.468 2.55e-35
257.502 2.5e-35
257.535 2.46e-35
257.569 2.42e-35
257.602 2.38e-35
257.635 2.34e-35
257.669 2.3e-35
257.702 2.26e-35
257.736 2.22e-35
257.769 2.18e-35
257.802 2.15e-35
257.836 2.11e-35
257.869 2.08e-35
257.903 2.04e-35
257.936 2.01e-35
257.969 1.97e-35
258.003 1.94e-35
258.036 1.91e-35
258.07 1.88e-35
258.103 1.84e-35
258.136 1.81e-35
258.17 1.78e-35
258.203 1.75e-35
258.237 1.72e-35
258.27 1.69e-35
258.303 1.66e-35
258.337 1.64e-35
258.37 1.61e-35
258.404 1.58e-35
258.437 1.56e-35
258.47 1.53e-35
258.504 1.5e-35
258.537 1.48e-35
258.571 1.45e-35
258.604 1.43e-35
258.637 1.4e-35
258.671 1.38e-35
258.704 1.36e-35
258.738 1.34e-35
258.771 1.31e-35
258.804 1.29e-35
258.838 1.27e-35
258.871 1.25e-35
258.905 1.23e-35
258.938 1.21e-35
258.971 1.19e-35
259.005 1.17e-35
259.038 1.15e-35
259.072 1.13e-35
259.105 1.11e-35
259.138 1.09e-35
259.172 1.07e-35
259.205 1.05e-35
259.239 1.03e-35
259.272 1.02e-35
259.305 1.0e-35
259.339 9.83e-36
259.372 9.67e-36
259.406 9.5e-36
259.439 9.34e-36
259.472 9.19e-36
259.506 9.03e-36
259.539 8.88e-36
259.573 8.73e-36
259.606 8.58e-36
259.639 8.44e-36
259.673 8.3e-36
259.706 8.16e-36
259.74 8.02e-36
259.773 7.88e-36
259.806 7.75e-36
259.84 7.62e-36
259.873 7.49e-36
259.907 7.37e-36
259.94 7.24e-36
259.973 7.12e-36
260.007 7.0e-36
260.04 6.88e-36
260.074 6.77e-36
260.107 6.65e-36
260.14 6.54e-36
260.174 6.43e-36
260.207 6.32e-36
260.241 6.22e-36
260.274 6.11e-36
260.307 6.01e-36
260.341 5.91e-36
260.374 5.8e-36
260.408 5.7e-36
260.441 5.6e-36
260.474 5.5e-36
260.508 5.4e-36
260.541 5.3e-36
260.575 5.21e-36
260.608 5.12e-36
260.641 5.03e-36
260.675 4.94e-36
260.708 4.85e-36
260.742 4.76e-36
260.775 4.68e-36
260.808 4.59e-36
260.842 4.51e-36
260.875 4.43e-36
260.909 4.35e-36
260.942 4.28e-36
260.975 4.2e-36
261.009 4.13e-36
261.042 4.05e-36
261.076 3.98e-36
261.109 3.91e-36
261.142 3.84e-36
261.176 3.77e-36
261.209 3.7e-36
261.243 3.64e-36
261.276 3.57e-36
261.309 3.51e-36
261.343 3.45e-36
261.376 3.39e-36
261.41 3.33e-36
261.443 3.27e-36
261.476 3.21e-36
261.51 3.15e-36
261.543 3.1e-36
261.577 3.04e-36
261.61 2.99e-36
261.643 2.93e-36
261.677 2.88e-36
261.71 2.83e-36
261.744 2.78e-36
261.777 2.73e-36
261.81 2.68e-36
261.844 2.63e-36
261.877 2.59e-36
261.911 2.54e-36
261.944 2.5e-36
261.977 2.45e-36
262.011 2.41e-36
262.044 2.37e-36
262.078 2.32e-36
262.111 2.28e-36
262.144 2.24e-36
262.178 2.2e-36
262.211 2.16e-36
262.245 2.12e-36
262.278 2.09e-36
262.311 2.05e-36
262.345 2.01e-36
262.378 1.98e-36
262.412 1.94e-36
262.445 1.91e-36
262.478 1.87e-36
262.512 1.84e-36
262.545 1.81e-36
262.579 1.78e-36
262.612 1.74e-36
262.645 1.71e-36
262.679 1.68e-36
262.712 1.65e-36
262.746 1.62e-36
262.779 1.59e-36
262.812 1.57e-36
262.846 1.54e-36
262.879 1.51e-36
262.913 1.48e-36
262.946 1.46e-36
262.979 1.43e-36
263.013 1.41e-36
263.046 1.38e-36
263.08 1.36e-36
263.113 1.33e-36
263.146 1.31e-36
263.18 1.29e-36
263.213 1.26e-36
263.247 1.24e-36
263.28 1.22e-36
263.313 1.2e-36
263.347 1.18e-36
263.38 1.15e-36
263.414 1.13e-36
263.447 1.11e-36
263.48 1.09e-36
263.514 1.07e-36
263.547 1.06e-36
263.581 1.04e-36
263.614 1.02e-36
263.647 10.0e-37
263.681 9.82e-37
263.714 9.65e-37
263.748 9.47e-37
263.781 9.31e-37
263.814 9.14e-37
263.848 8.98e-37
263.881 8.82e-37
263.915 8.66e-37
263.948 8.51e-37
263.981 8.36e-37
264.015 8.21e-37
264.048 8.06e-37
264.082 7.92e-37
264.115 7.78e-37
264.148 7.64e-37
264.182 7.5e-37
264.215 7.37e-37
264.249 7.24e-37
264.282 7.11e-37
264.315 6.98e-37
264.349 6.86e-37
264.382 6.74e-37
264.416 6.62e-37
264.449 6.5e-37
264.482 6.38e-37
264.516 6.27e-37
264.549 6.16e-37
264.583 6.05e-37
264.616 5.94e-37
264.649 5.84e-37
264.683 5.73e-37
264.716 5.63e-37
264.75 5.53e-37
264.783 5.43e-37
264.816 5.34e-37
264.85 5.24e-37
264.883 5.15e-37
264.917 5.06e-37
264.95 4.97e-37
264.983 4.88e-37
265.017 4.79e-37
265.05 4.71e-37
265.084 4.62e-37
265.117 4.54e-37
265.15 4.46e-37
265.184 4.38e-37
265.217 4.3e-37
265.251 4.23e-37
265.284 4.15e-37
265.317 4.08e-37
265.351 4.0e-37
265.384 3.93e-37
265.418 3.86e-37
265.451 3.79e-37
265.484 3.73e-37
265.518 3.66e-37
265.551 3.6e-37
265.585 3.53e-37
265.618 3.47e-37
265.651 3.41e-37
265.685 3.35e-37
265.718 3.29e-37
265.752 3.23e-37
265.785 3.17e-37
265.818 3.12e-37
265.852 3.06e-37
265.885 3.01e-37
265.919 2.95e-37
265.952 2.9e-37
265.985 2.85e-37
266.019 2.8e-37
266.052 2.75e-37
266.086 2.7e-37
266.119 2.65e-37
266.152 2.6e-37
266.186 2.56e-37
266.219 2.51e-37
266.253 2.47e-37
266.286 2.42e-37
266.319 2.38e-37
266.353 2.34e-37
266.386 2.3e-37
266.42 2.26e-37
266.453 2.22e-37
266.486 2.18e-37
266.52 2.14e-37
266.553 2.1e-37
266.587 2.06e-37
266.62 2.03e-37
266.653 1.99e-37
266.687 1.95e-37
266.72 1.92e-37
266.754 1.89e-37
266.787 1.85e-37
266.82 1.82e-37
266.854 1.79e-37
266.887 1.75e-37
266.921 1.72e-37
266.954 1.69e-37
266.987 1.66e-37
267.021 1.63e-37
267.054 1.6e-37
267.088 1.58e-37
267.121 1.55e-37
267.154 1.52e-37
267.188 1.49e-37
267.221 1.47e-37
267.255 1.44e-37
267.288 1.41e-37
267.321 1.39e-37
267.355 1.36e-37
267.388 1.34e-37
267.422 1.32e-37
267.455 1.29e-37
267.488 1.27e-37
267.522 1.25e-37
267.555 1.23e-37
267.589 1.2e-37
267.622 1.18e-37
267.655 1.16e-37
267.689 1.14e-37
267.722 1.12e-37
267.756 1.1e-37
267.789 1.08e-37
267.822 1.06e-37
267.856 1.04e-37
267.889 1.02e-37
267.923 1.01e-37
267.956 9.88e-38
267.989 9.71e-38
268.023 9.53e-38
268.056 9.36e-38
268.09 9.2e-38
268.123 9.03e-38
268.156 8.87e-38
268.19 8.72e-38
268.223 8.56e-38
268.257 8.41e-38
268.29 8.26e-38
268.323 8.11e-38
268.357 7.97e-38
268.39 7.83e-38
268.424 7.69e-38
268.457 7.55e-38
268.49 7.42e-38
268.524 7.28e-38
268.557 7.15e-38
268.591 7.03e-38
268.624 6.9e-38
268.657 6.78e-38
268.691 6.66e-38
268.724 6.54e-38
268.758 6.42e-38
268.791 6.31e-38
268.824 6.2e-38
268.858 6.09e-38
268.891 5.98e-38
268.925 5.86e-38
268.958 5.75e-38
268.991 5.64e-38
269.025 5.54e-38
269.058 5.43e-38
269.092 5.33e-38
269.125 5.23e-38
269.158 5.13e-38
269.192 5.04e-38
269.225 4.94e-38
269.259 4.85e-38
269.292 4.76e-38
269.325 4.67e-38
269.359 4.58e-38
269.392 4.5e-38
269.426 4.41e-38
269.459 4.33e-38
269.492 4.25e-38
269.526 4.17e-38
269.559 4.09e-38
269.593 4.01e-38
269.626 3.94e-38
269.659 3.86e-38
269.693 3.79e-38
269.726 3.72e-38
269.76 3.65e-38
269.793 3.58e-38
269.826 3.51e-38
269.86 3.45e-38
269.893 3.38e-38
269.927 3.32e-38
269.96 3.26e-38
269.993 3.2e-38
270.027 3.14e-38
270.06 3.08e-38
270.094 3.02e-38
270.127 2.96e-38
270.16 2.91e-38
270.194 2.85e-38
270.227 2.8e-38
270.261 2.75e-38
270.294 2.69e-38
270.327 2.64e-38
270.361 2.59e-38
270.394 2.55e-38
270.428 2.5e-38
270.461 2.45e-38
270.494 2.4e-38
270.528 2.36e-38
270.561 2.32e-38
270.595 2.27e-38
270.628 2.23e-38
270.661 2.19e-38
270.695 2.15e-38
270.728 2.11e-38
270.762 2.07e-38
270.795 2.03e-38
270.828 1.99e-38
270.862 1.95e-38
270.895 1.92e-38
270.929 1.88e-38
270.962 1.84e-38
270.995 1.81e-38
271.029 1.78e-38
271.062 1.74e-38
271.096 1.71e-38
271.129 1.68e-38
271.162 1.65e-38
271.196 1.61e-38
271.229 1.58e-38
271.263 1.55e-38
271.296 1.53e-38
271.329 1.5e-38
271.363 1.47e-38
271.396 1.44e-38
271.43 1.41e-38
271.463 1.39e-38
271.496 1.36e-38
271.53 1.34e-38
271.563 1.31e-38
271.597 1.29e-38
271.63 1.26e-38
271.663 1.24e-38
271.697 1.22e-38
271.73 1.19e-38
271.764 1.17e-38
271.797 1.15e-38
271.83 1.13e-38
271.864 1.11e-38
271.897 1.08e-38
271.931 1.06e-38
271.964 1.04e-38
271.997 1.02e-38
272.031 1.01e-38
272.064 9.86e-39
272.098 9.68e-39
272.131 9.5e-39
272.164 9.32e-39
272.198 9.14e-39
272.231 8.97e-39
272.265 8.8e-39
272.298 8.64e-39
272.331 8.48e-39
272.365 8.32e-39
272.398 8.16e-39
272.432 8.01e-39
272.465 7.86e-39
272.498 7.71e-39
272.532 7.56e-39
272.565 7.42e-39
272.599 7.28e-39
272.632 7.15e-39
272.665 7.01e-39
272.699 6.88e-39
272.732 6.75e-39
272.766 6.62e-39
272.799 6.5e-39
272.832 6.38e-39
272.866 6.26e-39
272.899 6.14e-39
272.933 6.02e-39
272.966 5.91e-39
272.999 5.8e-39
273.033 5.69e-39
273.066 5.58e-39
273.1 5.48e-39
273.133 5.38e-39
273.166 5.28e-39
273.2 5.18e-39
273.233 5.08e-39
273.267 4.98e-39
273.3 4.89e-39
273.333 4.8e-39
273.367 4.71e-39
273.4 4.62e-39
273.434 4.53e-39
273.467 4.45e-39
273.5 4.36e-39
273.534 4.28e-39
273.567 4.2e-39
273.601 4.12e-39
273.634 4.05e-39
273.667 3.97e-39
273.701 3.9e-39
273.734 3.82e-39
273.768 3.75e-39
273.801 3.68e-39
273.834 3.61e-39
273.868 3.54e-39
273.901 3.48e-39
273.935 3.41e-39
273.968 3.35e-39
274.001 3.28e-39
274.035 3.22e-39
274.068 3.16e-39
274.102 3.1e-39
274.135 3.04e-39
274.168 2.99e-39
274.202 2.93e-39
274.235 2.88e-39
274.269 2.82e-39
274.302 2.77e-39
274.335 2.72e-39
274.369 2.67e-39
274.402 2.62e-39
274.436 2.57e-39
274.469 2.52e-39
274.502 2.47e-39
274.536 2.42e-39
274.569 2.38e-39
274.603 2.33e-39
274.636 2.29e-39
274.669 2.25e-39
274.703 2.21e-39
274.736 2.16e-39
274.77 2.12e-39
274.803 2.08e-39
274.836 2.04e-39
274.87 2.01e-39
274.903 1.97e-39
274.937 1.93e-39
274.97 1.89e-39
